"WMIOD" "tracer" "cycle" "longitude_E" "longitude_median_PS_E" "latitude_N" "latitude_median_PS_E" "season_label" "date" "time" "mean_tracer_concentration_mmol_m3" "mean_tracer_concentration_error_mmol_m3" "tracer_dt_mmol_m2_d1" "tracer_dt_error_mmol_m2_d1" "gas_mmol_m2_d1" "gas_error_mmol_m2_d1" "EP_mmol_m2_d1" "EP_error_mmol_m2_d1" "entrainment_mmol_m2_d1" "entrainment_error_mmol_m2_d1" "vertical_diffusion_mmol_m2_d1" "vertical_diffusion_error_mmol_m2_d1" "vertical_advection_mmol_m2_d1" "vertical_advection_error_mmol_m2_d1" "tracer_background_dt_mmol_m2_d1" "Bio_mmol_m2_d1" "Bio_error_mmol_m2_d1" "latitude_median_PS_N" "integration_depth_m" "MLD_m"
5904395 "DIC" 1 -150.014 NA -39.695 NA "Not applicable" 735710.775011597 2014-04-21 2081.08295471794 12.2185409516013 NA NA NA NA NA NA NA NA NA NA NA NA NA NA NA "Not applicable" 94 63
5904395 "DIC" 2 -150.136 NA -39.783 NA "Not applicable" 735716.092534725 2014-04-27 2087.03983218661 12.2187551817844 NA NA NA NA NA NA NA NA NA NA NA NA NA NA NA "Not applicable" 96 61
5904395 "DIC" 3 -150.205 NA -39.843 NA "Not applicable" 735721.405636586 2014-05-02 2093.98644873215 12.2202533720651 24.4581726985967 0.242281620479492 0.355117069695464 0.142665515290754 0 0 0 0 6.71310923531154 1.38585359711029 -9.11498645819772 4.21159523742855 0 26.5049328517875 5.71332224510435 "Not applicable" 86 74
5904395 "DIC" 4 -150.32 NA -39.889 NA "Not applicable" 735726.863159748 2014-05-07 2093.9414324516 12.221165110007 0.34831940193532 0.566050556070039 0.206882455778434 0.0831134143553223 0 0 0 0 6.95758453773526 1.43173951122026 -10.5164501746117 4.85074510046717 0 3.70030258303331 5.71868774384569 "Not applicable" 82 67
5904395 "DIC" 5 -150.351 NA -39.952 NA "Not applicable" 735732.128379633 2014-05-13 2094.72575018032 12.2214951772802 8.52980110710436 0.298440424612041 0.253251445303087 0.101741794539128 0 0 0 0 8.28239362217848 1.59546861586707 -11.3679547999913 5.30146505647273 0 11.362110839614 6.24137727119204 "Not applicable" 78 68
5904395 "DIC" 6 -150.327 NA -40.006 NA "Not applicable" 735737.483356496 2014-05-18 2093.6748002472 12.2214982259814 5.84965233043393 0.41272021710026 0.408921010300972 0.164280829130049 0 0 0 0 6.70160822229732 1.29360047919631 -8.65588532455395 4.01854580683276 0 7.39500842238959 4.59640939662244 "Not applicable" 77 61
5904395 "DIC" 7 -150.272 NA -40.048 NA "Not applicable" 735742.760196782 2014-05-23 2094.59772548043 12.2224129527894 8.64207792555454 0.27885443069124 0.798644212796776 0.320849088584621 0 0 0 0 5.85651442794415 1.13097651221627 -4.70065263703848 2.25238748271968 0 6.68757192185209 2.99023091743642 "Not applicable" 77 71
5904395 "DIC" 8 -150.08 NA -40.055 NA "Not applicable" 735748.141319449 2014-05-29 2096.45325362878 12.2234506355675 10.4550400039866 0.177120601390201 0.788894466703683 0.316932204072373 0 0 0 0 4.82405742998579 1.1204411735642 -1.22427209124432 0.631554392736838 0 6.06636019854141 1.39426446177557 "Not applicable" 77 80
5904395 "DIC" 9 -149.93 NA -40.083 NA "Not applicable" 735753.476307884 2014-06-03 2096.82807041159 12.2237205752565 13.5883149216094 0.0338186914418651 1.87956980222105 0.755102520385076 0 0 0 0 3.57058474889479 1.04428728635755 -0.129402058077469 0.129083442021548 0 8.26756242857107 1.10088125991874 "Not applicable" 78 83
5904395 "DIC" 10 -149.793 NA -40.103 NA "Not applicable" 735758.754629652 2014-06-08 2097.25498198516 12.2240955898569 13.8596685226028 0.0834357300262591 2.42169159574911 0.972895726130872 0 0 0 0 1.34041917533291 0.347822062008069 0.357632304785096 0.158545019096434 0 9.73992544673571 0.828576311125725 "Not applicable" 78 77
5904395 "DIC" 11 -149.699 NA -40.083 NA "Not applicable" 735764.052615742 2014-06-14 2097.82607871836 12.2250453807359 14.2848164613386 0.178005039338193 2.70400673589692 1.08631363357787 0 0 0 0 1.06657115186696 0.306762417904187 0.684822202662464 0.311155305776521 0 9.82941637091224 0.829533301493394 "Not applicable" 79 83
5904395 "DIC" 12 -149.613 NA -40.03 NA "Not applicable" 735769.362025474 2014-06-19 2098.17707865285 12.2251989141658 15.0538982504444 0.198155607587987 2.50469632090402 1.00624222759854 0 0 0 0 1.11150924560544 0.296385960162406 0.248037971291483 0.116189193336993 0 11.1896547126435 0.981616068544412 "Not applicable" 79 89
5904395 "DIC" 13 -149.566 NA -40.012 NA "Not applicable" 735774.830347247 2014-06-24 2099.14593628065 12.2256035891873 16.5917352319453 0.224395881937982 2.51284293382958 1.00951506585409 0 0 0 0 0.257418473592111 0.0830066121207015 1.08480620350804 0.452617387451166 0 12.7366676210156 0.727455432865578 "Not applicable" 79 101
5904395 "DIC" 14 -149.643 NA -39.927 NA "Not applicable" 735780.130196763 2014-06-30 2099.30285604635 12.225892721697 16.6930038970291 0.198980631357829 1.48251218719988 0.595587717856176 0 0 0 0 0.106262016904127 0.0186469641504575 1.34373060000799 0.549072831983796 0 13.7604990929171 0.292491917751186 "Not applicable" 80 91
5904395 "DIC" 15 -149.727 -149.8 -39.832 -38.95 "Not applicable" 735785.391574086 2014-07-05 2099.79559998381 12.2260651736867 19.1064319287101 0.207823744203048 1.47672826677529 0.59326407290021 0 0 0 0 0.0528530276139115 0.0221635063837417 1.69744038324779 0.67397484374739 0 15.8794102510731 0.233113995262218 "Not applicable" 80 67
5904395 "DIC" 16 -149.787 -149.8 -39.788 -38.95 "Not applicable" 735790.753159745 2014-07-10 2103.35159464856 12.2269603676012 19.6218566710352 0.218552951389254 1.50765177334197 0.605687350673696 0 0 0 0 -0.106216282195915 0.0334899598227576 2.36633659406014 0.935284500213992 0 15.854084585829 0.33404444679418 "Not applicable" 81 111
5904395 "DIC" 17 -149.879 -149.8 -39.669 -38.95 "Not applicable" 735796.02744213 2014-07-16 2105.04799084122 12.2276717865591 18.2458081000666 0.197070679988375 1.46501586652705 0.588558707376273 0 0 0 0 -0.219878883690041 0.055230808362477 3.16502611890952 1.29086664229232 0 13.83564499832 0.660377607156296 "Not applicable" 81 127
5904395 "DIC" 18 -149.906 -149.8 -39.533 -38.95 "Not applicable" 735801.268379638 2014-07-21 2105.66649592621 12.2279273153213 14.8119554841705 0.143449075101849 1.74610687281442 0.701484828584625 0 0 0 0 -0.211069946242613 0.049610937389576 2.88395806300735 1.17719169655449 0 10.3929604945913 0.50680619648883 "Not applicable" 81 102
5904395 "DIC" 19 -149.844 -149.8 -39.37 -38.95 "Not applicable" 735806.574108813 2014-07-26 2106.45535833509 12.2281520672831 13.1620484893371 0.140883953121777 1.95583601689153 0.785741877779441 0 0 0 0 -0.185152688148631 0.043667653192446 3.24948480652208 1.32894312680016 0 8.1418803540721 0.570945407718676 "Not applicable" 82 106
5904395 "DIC" 20 -149.736 -149.8 -39.219 -38.95 "Not applicable" 735811.954027806 2014-07-31 2108.66221420044 12.2288285913665 10.116715888696 0.12275919571602 1.61151787131535 0.647414746096619 0 0 0 0 -0.143262314627378 0.0308521082341622 3.30507414972702 1.36504726651785 0 5.34338618228099 0.707674750043817 "Not applicable" 82 111
5904395 "DIC" 21 -149.539 -149.8 -39.108 -38.95 "Not applicable" 735817.291458342 2014-08-06 2108.86340784639 12.2289829468893 9.84963703542071 0.104817192648414 1.27206993982902 0.511044184970372 0 0 0 0 -0.10637556425077 0.0321837126071864 3.39902886210994 1.41603080722591 0 5.28491379773253 0.890673625990792 "Not applicable" 82 122
5904395 "DIC" 22 -149.425 -149.8 -39.026 -38.95 "Not applicable" 735822.558414368 2014-08-11 2110.25731075641 12.229187025777 9.81100155309016 0.124544921508758 1.96863296343665 0.790882951326183 0 0 0 0 -0.0476093889555979 0.0104787584367914 3.75390560978407 1.5853656260255 0 4.13607236882503 0.781702537513786 "Not applicable" 82 118
5904395 "DIC" 23 -149.335 -149.8 -38.934 -38.95 "Not applicable" 735827.823726876 2014-08-16 2109.32129290805 12.2290214229524 10.8863334359616 0.161602455793214 1.6378305298997 0.657985651625958 0 0 0 0 -0.211928033089403 0.0441515302029863 3.524669090694 1.4488700802056 0 5.9357618484573 0.754069754894349 "Not applicable" 83 113
5904395 "DIC" 24 -149.228 -149.8 -38.908 -38.95 "Not applicable" 735833.087025466 2014-08-22 2110.33105356034 12.229224016513 10.6667004553144 0.14514975221165 1.40333452568142 0.563778709379802 0 0 0 0 -0.132589245518247 0.0373204522428792 2.78970991395458 1.15126658646121 0 6.60624526119667 0.567496575271369 "Not applicable" 83 115
5904395 "DIC" 25 -149.131 -149.8 -38.903 -38.95 "Not applicable" 735838.363935196 2014-08-27 2112.65089525631 12.2295943732486 9.44472670233306 0.134067270878997 1.43216563721898 0.57536138375656 0 0 0 0 -0.0285158608901179 0.0426546180414838 2.326059885743 0.969869332616049 0 5.7150170402612 0.393891982605873 "Not applicable" 83 111
5904395 "DIC" 26 -149.051 -149.8 -38.934 -38.95 "Not applicable" 735843.661724557 2014-09-01 2112.83312178574 12.2298507514683 8.54035154948929 0.140967503507932 1.81018769411797 0.727228799155696 0 0 0 0 0.09328558827678 0.018972109976678 1.51660613657483 0.636205108930597 0 5.12027213051971 0.290692106718305 "Not applicable" 83 111
5904395 "DIC" 27 -149.02 -149.8 -38.979 -38.95 "Not applicable" 735848.92284725 2014-09-06 2112.39765019847 12.2296746797439 7.52559293234171 0.106051091647989 1.04866563045104 0.421293244687731 0 0 0 0 -0.112386293720001 0.0409593873320341 0.708422255803493 0.264785565754135 0 5.88089133980718 0.253768601464435 "Not applicable" 83 80
5904395 "DIC" 28 -149.031 -149.8 -39.038 -38.95 "Not applicable" 735854.182037042 2014-09-12 2110.72308989379 12.22915882878 9.18664007490575 0.0965093022782892 1.0686050758133 0.42930376147212 0 0 0 0 0.22278876513251 0.0474841675711966 0.279784538004111 0.118052441934492 0 7.61546169595583 0.441797556784529 "Not applicable" 84 82
5904395 "DIC" 29 -149.075 -149.8 -39.085 -38.95 "Not applicable" 735859.441759272 2014-09-17 2113.26547993614 12.2298201060123 11.7348294649004 0.178749107976586 1.36262443778124 0.547423748823298 0 0 0 0 0.184709498971421 0.0568859066822425 0.291617510666275 0.122553949299785 0 9.89587801748142 0.640895995237038 "Not applicable" 84 99
5904395 "DIC" 30 -149.076 -149.8 -39.165 -38.95 "Not applicable" 735864.76021993 2014-09-22 2112.17329978871 12.2292407500871 14.6469083928137 0.206736799827267 1.24815099139231 0.50143493383845 0 0 0 0 0.0876615226138891 0.0769089781110504 0.476932205430933 0.196944317520179 0 12.8341636733766 0.569608208849254 "Not applicable" 84 44
5904395 "DIC" 31 -148.978 -149.8 -39.319 -38.95 "Not applicable" 735870.03337963 2014-09-28 2114.82153567248 12.2295594389624 13.5834929081385 0.188401287410733 1.2364305181572 0.496726325054951 0 0 0 0 0.125164732569391 0.0609520575623357 0.72500501357898 0.307923174630723 0 11.496892643833 0.430956149757466 "Not applicable" 83 108
5904395 "DIC" 32 -148.867 -149.8 -39.518 -38.95 "Not applicable" 735875.326840287 2014-10-03 2114.77544848039 12.2298356490003 14.5510564298513 0.240355404306096 1.22744651652212 0.493117072411194 0 0 0 0 1.03304058237266 0.232868559777869 0.681637674157941 0.290313757102573 0 11.6089316567985 0.580454099884258 "Not applicable" 83 109
5904395 "DIC" 33 -148.824 -149.8 -39.797 -38.95 "Not applicable" 735880.695092613 2014-10-08 2116.0793827898 12.2299216354312 10.7999808067263 0.227943180499748 1.19451888837394 0.479888654410644 0 0 0 0 0.663828481660404 0.137391556876393 0.595274351052502 0.253232940366721 0 8.34635908563944 0.474907351912391 "Not applicable" 82 71
5904395 "DIC" 35 -148.433 -149.8 -40.276 -38.95 "Not applicable" 735891.471354181 2014-10-19 2117.1574198311 12.2298974311 4.8599908428211 0.16170859002066 1.17303228620758 0.471256579437341 0 0 0 0 0.684458174290065 0.146152667992062 0.542967011691508 0.230713679492214 0 2.45953337063194 0.416974940978052 "Not applicable" 82 74
5904395 "DIC" 36 -148.168 -149.8 -40.253 -38.95 "Not applicable" 735896.726817151 2014-10-24 2116.75556628809 12.229488778516 1.37402513157287 0.167693080834491 1.23125090308927 0.494645455066621 0 0 0 0 1.39856902846012 0.304927760981039 0.45943838496042 0.21255148086321 0 -1.71523318493694 0.536765925273645 "Not applicable" 83 63
5904395 "DIC" 37 -147.962 -149.8 -40.101 -38.95 "Not applicable" 735901.973564844 2014-10-29 2115.51760457666 12.2295351984893 1.59706257563119 0.224165914795627 0.851198530433875 0.341962376134781 0 0 0 0 1.50243000714178 0.322333789065534 0.319074712144785 0.150496963005325 0 -1.07564067408926 0.510894298444034 "Not applicable" 86 97
5904395 "DIC" 38 -147.811 -149.8 -39.875 -38.95 "Not applicable" 735907.367986122 2014-11-04 2114.71833402624 12.2289073108197 -3.15157164020419 0.158588532372978 1.01487021107596 0.407716198324549 0 0 0 0 1.39283462978728 0.29721419455292 0.675575123980564 0.313498415038663 0 -6.234851605048 0.360276465409982 "Not applicable" 88 40
5904395 "DIC" 39 -147.812 -149.8 -39.642 -38.95 "Not applicable" 735912.672372705 2014-11-09 2114.95224191835 12.2286691318806 -5.76183320945204 0.161821496643387 0.949459020532711 0.381437762279114 0 0 0 0 2.2566066012381 0.45960191356094 0.995083593509961 0.458560178517853 0 -9.96298242473281 0.42394806502779 "Not applicable" 90 54
5904395 "DIC" 40 -147.852 -149.8 -39.387 -38.95 "Not applicable" 735917.977164381 2014-11-14 2112.39473029649 12.227408539977 -8.54871441650732 0.0741846714355854 0.422220172302252 0.169623663822492 0 0 0 0 2.31951332939835 0.468418337170407 1.36983276985891 0.618244973186438 0 -12.6602806880668 0.360103343399207 "Not applicable" 93 33
5904395 "DIC" 41 -147.999 -149.8 -39.147 -38.95 "Not applicable" 735923.337719917 2014-11-20 2115.19030498135 12.2249661218209 -15.7019912768096 0.0686188414686184 0.193928627656852 0.0779093148578295 0 0 0 0 1.9516578149784 0.379899844398495 1.55156473484955 0.684771746424122 0 -19.3991424542944 0.557382929761302 "Not applicable" 94 12
5904395 "DIC" 42 -148.229 -149.8 -38.911 -38.95 "Not applicable" 735928.583125017 2014-11-25 2113.81563402768 12.2217024644111 -25.2801627493717 0.193580280027339 0.0569681240049934 0.0228864998612703 0 0 0 0 2.18222419547674 0.422782667218905 1.39563510209131 0.615805112066787 0 -28.9149901709447 0.710902915305615 "Not applicable" 95 12
5904395 "DIC" 43 -148.546 -149.8 -38.757 -38.95 "Not applicable" 735933.895358823 2014-11-30 2109.16784109881 12.2218202959479 -21.5357737084539 0.104116866530056 -0.412868331217396 0.165866634546393 0 0 0 0 2.23055294958804 0.43267093776678 1.06014972918746 0.462821637985537 0 -24.413608056012 0.635157495696115 "Not applicable" 95 12
5904395 "DIC" 44 -148.877 -149.8 -38.689 -38.95 "Not applicable" 735939.159814819 2014-12-06 2105.71976335465 12.2222816103503 -18.2503277512802 0.0723815833605201 -0.423563062419011 0.170163159461636 0 0 0 0 2.16980183431251 0.434114334073226 0.75984500239479 0.326010115517045 0 -20.7564115255685 0.609622603742735 "Not applicable" 96 29
5904395 "DIC" 45 -149.186 -149.8 -38.691 -38.95 "Not applicable" 735944.430439827 2014-12-11 2102.95055246606 12.2221011000042 -15.0917217904545 0.0347384626126344 -0.264578398116995 0.10629230956015 0 0 0 0 2.81504209480671 0.553614946912702 0.406478425589119 0.175695941845949 0 -18.0486639127333 0.500066884322327 "Not applicable" 96 44
5904395 "DIC" 46 -149.389 -149.8 -38.699 -38.95 "Not applicable" 735949.836412062 2014-12-16 2100.56730284359 12.2217041091315 -9.55285725996326 0.113484664164069 -0.510727887749615 0.20518094875485 0 0 0 0 3.18510465576584 0.627966277852536 0.0851502151930864 0.0374725591540564 0 -12.3123842431726 0.523312569824855 "Not applicable" 97 45
5904395 "DIC" 47 -149.547 -149.8 -38.697 -38.95 "Not applicable" 735955.11797454 2014-12-22 2099.02846778366 12.2217447276091 -3.20630260440503 0.16602137753981 -0.517639945845857 0.207957814228722 0 0 0 0 3.38578505973832 0.672026198976365 -0.0962177549170231 0.0419102355584301 0 -5.97822996338046 0.619958174850061 "Not applicable" 98 55
5904395 "DIC" 48 -149.666 -149.8 -38.704 -38.95 "Not applicable" 735960.361481492 2014-12-27 2104.29654594802 12.2212541169112 -10.7663394976209 0.0115883819974105 -0.320465367682371 0.128744464050838 0 0 0 0 3.08421087571392 0.594150322968355 -0.278853420506834 0.120890695126226 0 -13.2512315851456 0.603823009057955 "Not applicable" 99 31
5904395 "DIC" 49 -149.8 -149.8 -38.753 -38.95 "Not applicable" 735965.636354186 2015-01-01 2102.95732108891 12.2214563331571 -16.7922524956557 0.10713635472778 -0.465966502756368 0.187198411163329 0 0 0 0 3.01052941423865 0.589556010753678 -0.0380713926656768 0.0163141771691776 0 -19.2987440144723 0.530858119018049 "Not applicable" 100 34
5904395 "DIC" 50 -149.916 -149.8 -38.793 -38.95 "Not applicable" 735970.887407434 2015-01-06 2095.96114983344 12.2191524923192 -19.3934604246874 0.056375977300189 -0.577899027567319 0.232166430705853 0 0 0 0 2.7929230366767 0.53953027631227 0.196816653767731 0.085807755564769 0 -21.8053010875645 0.491942805453083 "Not applicable" 102 12
5904395 "DIC" 51 -150.034 -149.8 -38.844 -38.95 "Not applicable" 735976.135428245 2015-01-12 2095.74263893382 12.2185158828248 -19.4706713640589 0.0793322152269614 -0.412013142042553 0.165523068959967 0 0 0 0 2.52126120052596 0.487927141609053 0.465571074970403 0.19986110203673 0 -22.0454904975127 0.437960598052688 "Not applicable" 103 19
5904395 "DIC" 52 -150.114 -149.8 -38.881 -38.95 "Not applicable" 735981.422071772 2015-01-17 2094.5925761101 12.2172716425642 -17.729155618681 0.0301148489868944 -0.646516053996906 0.259732786335255 0 0 0 0 2.62965553731481 0.520735581924089 0.926634001321317 0.400596205849169 0 -20.6389291033203 0.455414753511238 "Not applicable" 104 29
5904395 "DIC" 53 -150.167 -149.8 -38.904 -38.95 "Not applicable" 735986.701620391 2015-01-22 2093.22438403209 12.2174835192076 -15.1911694187753 0.0862052750430187 -0.954799847408687 0.383583397854991 0 0 0 0 2.87527842144403 0.600764800853398 1.30691804846223 0.565127544756097 0 -18.4185660412729 0.489567192059992 "Not applicable" 105 20
5904395 "DIC" 54 -150.247 -149.8 -38.95 -38.95 "Not applicable" 735992.061365742 2015-01-28 2093.61501677077 12.2174013971656 -17.4405419953996 0.0938007163151205 -1.10237947339388 0.442872362493186 0 0 0 0 3.11890502995953 0.647121078057682 1.30354417132525 0.563788977992658 0 -20.7606117232906 0.527468446473569 "Not applicable" 105 25
5904395 "DIC" 55 -150.352 -149.8 -38.982 -38.95 "Not applicable" 735997.355983807 2015-02-02 2094.88620976965 12.2182006777977 -18.2795586432744 0.0690087863215988 -1.16653312350766 0.468645591471209 0 0 0 0 3.76213894061038 0.749330358210887 1.33355914889709 0.580042876534092 0 -22.2087236092742 0.746575961473723 "Not applicable" 105 46
5904395 "DIC" 56 -150.463 -149.8 -39 -38.95 "Not applicable" 736002.653194464 2015-02-07 2093.33941526979 12.2166790249317 -27.1775435830012 0.229654228203104 -1.09771378402374 0.440997958148872 0 0 0 0 4.39462712251898 0.868712752241676 1.3001388698799 0.569759466075438 0 -31.7745957913764 1.04201494563896 "Not applicable" 105 20
5904395 "DIC" 57 -150.505 -149.8 -39.099 -38.95 "Not applicable" 736008.000706019 2015-02-13 2093.02441684535 12.2153864342577 -34.6792037525366 0.437704517718768 -0.932663985112105 0.374690487684114 0 0 0 0 4.74404119970994 0.951867573608993 1.24178680640123 0.546616600661507 0 -39.7323677735356 1.18199210689549 "Not applicable" 105 24
5904395 "DIC" 58 -150.484 -149.8 -39.173 -38.95 "Not applicable" 736013.2622801 2015-02-18 2093.66413406125 12.2162934771912 -37.9828860675403 0.596345873621898 -0.691149156217681 0.277663787322654 0 0 0 0 5.11127637812662 1.03506965093102 1.28931939183354 0.569258900085977 0 -43.6923326812828 1.33499323944546 "Not applicable" 104 40
5904395 "DIC" 59 -150.367 -149.8 -39.251 -38.95 "Not applicable" 736018.519571775 2015-02-23 2094.05101970308 12.2157274974403 -33.7304829950318 0.522457550316112 -0.801640371649986 0.322052772054561 0 0 0 0 5.18548750113271 1.05107550614831 0.507873073965499 0.226185354967619 0 -38.62220319848 1.16987856154908 "Not applicable" 103 16
5904395 "DIC" 60 -150.126 -149.8 -39.241 -38.95 "Not applicable" 736023.832141228 2015-02-28 2087.91293326331 12.2150648051792 -32.4212845901572 0.607397688609327 -0.821685808816799 0.330105870220426 0 0 0 0 4.6261003596873 0.937952848899817 0.0953120719563192 0.0428483048210954 0 -36.321011212984 1.06673406388653 "Not applicable" 101 31
5904395 "DIC" 61 -149.993 -149.8 -39.089 -38.95 "Not applicable" 736029.111608799 2015-03-06 2091.69283095518 12.2168750671569 -21.3077305461904 0.337724098040583 -0.806340257650367 0.323940914628578 0 0 0 0 4.07566351949845 0.845923826581806 -0.269823901664054 0.116759341467122 0 -24.3072299063745 0.778787042982165 "Not applicable" 100 47
5904395 "DIC" 62 -150.093 -149.8 -38.92 -38.95 "Not applicable" 736034.369189826 2015-03-11 2092.8118499726 12.2184821396058 -13.687643504217 0.211602008698571 -0.73476504451713 0.295186130544401 0 0 0 0 3.97016554887131 0.814261058675016 -0.676914339002934 0.296020415353016 0 -16.2461296695682 0.804298616796708 "Not applicable" 99 59
5904395 "DIC" 63 -150.232 -149.8 -38.773 -38.95 "Not applicable" 736039.648344927 2015-03-16 2095.60320312051 12.2189363107057 -7.68789660481078 0.0353692381489754 -0.742688418382263 0.29836928424715 0 0 0 0 3.74407223107927 0.770315605633495 -1.05713854071212 0.463614027628714 0 -9.63214187679566 0.92177734150576 "Not applicable" 98 56
5904395 "DIC" 64 -150.352 -149.8 -38.708 -38.95 "Not applicable" 736044.898483823 2015-03-21 2090.51043868287 12.2184832404663 -6.50074300393251 0.111300140033429 -0.294852306759907 0.118454616430135 0 0 0 0 3.98634515984469 0.847292416628746 -0.136091339239761 0.0567590695553294 0 -10.0561445177775 0.758836015578442 "Not applicable" 98 53
5904395 "DIC" 65 -150.477 -149.8 -38.677 -38.95 "Not applicable" 736050.17475695 2015-03-27 2093.59603310083 12.2184519918896 -3.24834469505654 0.0365384493756477 -0.0894574841971454 0.0359388471259489 0 0 0 0 3.9693358782767 0.842429806640183 0.39748080039442 0.177689807634569 0 -7.52570388953052 0.679901382184707 "Not applicable" 98 56
5904395 "DIC" 66 -150.715 -149.8 -38.655 -38.95 "Not applicable" 736055.451435198 2015-04-01 2092.95470392817 12.2193023281184 -9.0394427822227 0.0878056353791419 -0.0687939415056611 0.0276374298824996 0 0 0 0 4.66488450553069 0.916502619970479 0.859406236753835 0.386027838366261 0 -14.4949395830016 0.724805158962495 "Not applicable" 98 67
5904395 "DIC" 67 -150.951 -149.8 -38.672 -38.95 "Not applicable" 736060.725243077 2015-04-06 2092.64460956378 12.2198706576624 -9.64788920492163 0.0330412771218969 -0.102237258546338 0.0410730218768012 0 0 0 0 5.19456949870258 1.04146955153935 1.36975161070425 0.619272890292275 0 -16.1099730557821 0.798504218081693 "Not applicable" 98 65
5904395 "DIC" 68 -151.193 -149.8 -38.749 -38.95 "Not applicable" 736065.993784752 2015-04-11 2092.20106918517 12.2198700442633 -7.27556391030416 0.0439566761695254 0.036888282278894 0.0148195799318302 0 0 0 0 5.38443830339862 1.08118868717024 1.81826353566361 0.818656389283276 0 -14.5151540316453 0.844257180936399 "Not applicable" 97 65
5904395 "DIC" 69 -151.413 -149.8 -38.812 -38.95 "Not applicable" 736071.269212971 2015-04-17 2091.13640651804 12.2192020973038 -5.5468898448134 0.0694370154048211 0.0575169891302177 0.0231070021479738 0 0 0 0 5.63077653014927 1.13730252400521 1.77469766592567 0.802758910152095 0 -13.0098810300186 0.973518660362578 "Not applicable" 95 56
5904395 "DIC" 70 -151.587 -149.8 -38.875 -38.95 "Not applicable" 736076.568090295 2015-04-22 2093.68812924442 12.2206312185406 -7.63733117337723 0.229928427792486 0.123781897388252 0.0497284126322239 0 0 0 0 6.06059565241103 1.21478014565238 -2.3238279620359 1.03383903034252 0 -11.4978807611406 1.97486963286832 "Not applicable" 94 69
5904395 "DIC" 71 -151.719 -149.8 -38.943 -38.95 "Not applicable" 736081.835590303 2015-04-27 2095.04350452888 12.221102954258 3.24597583646856 0.251706507773858 0.191412598481103 0.0768985197441148 0 0 0 0 5.76233700014987 1.17556850263455 -5.56497955694305 2.49774866276166 0 2.85720579478064 3.335099795733 "Not applicable" 92 49
5904395 "DIC" 72 -151.77 -149.8 -38.949 -38.95 "Not applicable" 736087.102418984 2015-05-03 2096.07244915174 12.2221128247174 6.47843082613604 0.448038308288988 0.300913596375198 0.120889692296901 0 0 0 0 4.89667911337331 0.967222933012388 -7.16702789953235 3.26364124721243 0 8.44786601591988 3.73095362650378 "Not applicable" 90 66
5904395 "DIC" 73 -151.832 -149.8 -38.925 -38.95 "Not applicable" 736092.468668995 2015-05-08 2098.87833954538 12.2234063884557 7.10691169219734 0.58880191280854 0.690390921725293 0.277359172524327 0 0 0 0 4.22957712808254 0.828266523499131 -8.36994958715215 3.80887290937742 0 10.5568932295417 4.10470527371347 "Not applicable" 88 66
5904395 "DIC" 74 -151.906 -149.8 -38.887 -38.95 "Not applicable" 736097.843726877 2015-05-13 2099.26156138344 12.2238265821941 10.2234362714164 0.452805418946091 1.10161372987663 0.442564731002641 0 0 0 0 4.18884292267484 0.858436140092357 -9.70950431726553 4.53099460617304 0 14.6424839361305 4.94072660646222 "Not applicable" 86 52
5904395 "DIC" 75 -152.046 -149.8 -38.825 -38.95 "Not applicable" 736103.177048616 2015-05-19 2100.63427533212 12.224392157484 16.6906784646542 0.252591673211569 1.25022436616113 0.502267895993828 0 0 0 0 3.09044530907269 0.670452496589394 -6.3080890101303 2.99379985749325 0 18.6580977995507 3.45670195611263 "Not applicable" 84 73
5904395 "DIC" 76 -152.137 -149.8 -38.835 -38.95 "Not applicable" 736108.644224556 2015-05-24 2107.19327796717 12.2266611886637 14.2425092416024 0.151586503802985 1.6241410141731 0.652485995366428 0 0 0 0 2.3384643156584 0.548154502992731 -3.81315977498249 1.86883987114673 0 14.0930636867534 2.45310429735798 "Not applicable" 82 76
5904395 "DIC" 77 -152.364 -149.8 -38.822 -38.95 "Not applicable" 736118.688981502 2015-06-03 2110.61010319592 12.2279000617551 14.1627032824087 0.0244301769406779 1.67622257179128 0.673409355263248 0 0 0 0 1.7514749465423 0.412836484361237 -3.13534425933487 1.51429810817017 0 13.87035002341 2.2169918745904 "Not applicable" 80 103
5904395 "DIC" 78 -152.664 -149.8 -38.817 -38.95 "Not applicable" 736128.678368076 2015-06-13 2110.99470772653 12.2285145622729 15.3264824603976 0.178108251320426 1.71324052352723 0.688281028888923 0 0 0 0 1.62384739003198 0.366960855182572 -1.30056347712522 0.672414606833937 0 13.2899580239636 1.57984121819718 "Not applicable" 79 91
5904395 "DIC" 79 -153.011 -149.8 -38.84 -38.95 "Not applicable" 736138.782280116 2015-06-23 2111.06546460954 12.2287765034207 15.926571566812 0.204351514502194 1.29744228924878 0.521237328620753 0 0 0 0 0.618449227030493 0.158850097401284 0.178163142304984 0.13671942477553 0 13.8325169082278 0.565652920341899 "Not applicable" 78 78
5904395 "DIC" 80 -153.348 -154.611 -38.879 -39.108 "Not applicable" 736148.769085671 2015-07-03 2113.29981932857 12.229483420852 14.5024819993149 0.173664858228035 1.29316650742806 0.519519566595831 0 0 0 0 0.662192982608938 0.153649382273247 0.875004592466131 0.423055942764085 0 11.6721179168118 0.298310149357487 "Not applicable" 77 62
5904395 "DIC" 81 -153.669 -154.611 -38.94 -39.108 "Not applicable" 736158.807893542 2015-07-13 2115.83673031469 12.2300601929498 15.021203375161 0.189780287664033 1.20318522147558 0.483370286196713 0 0 0 0 0.603383279532854 0.14311281103978 1.48691649632511 0.694972960022773 0 11.7277183778275 0.12652332164933 "Not applicable" 78 84
5904395 "DIC" 82 -153.867 -154.611 -39.019 -39.108 "Not applicable" 736168.829895858 2015-07-23 2116.77328623698 12.2304074336333 16.1094655710648 0.202788707007831 1.24414341913303 0.499824922914658 0 0 0 0 0.442569911580465 0.108703597906311 2.29621792541037 1.0382093106491 0 12.126534314941 0.383842836910332 "Not applicable" 78 144
5904395 "DIC" 83 -154.004 -154.611 -39.081 -39.108 "Not applicable" 736178.900613453 2015-08-02 2116.7862343375 12.2306339245814 15.7664854914704 0.207199191270367 0.942828313904381 0.378773927564879 0 0 0 0 0.274594404391072 0.0697723142894946 1.55779134202471 0.690918565151876 0 12.9912714311503 0.187470125361885 "Not applicable" 79 109
5904395 "DIC" 84 -154.184 -154.611 -39.129 -39.108 "Not applicable" 736188.950243084 2015-08-12 2119.14125282956 12.2311489782655 14.2499354977526 0.198432931717929 0.951771727226524 0.382366874170222 0 0 0 0 -0.000337522635704947 0.0245614036279555 1.43699628250576 0.605791818936907 0 11.861505010656 0.189338881491691 "Not applicable" 80 117
5904395 "DIC" 85 -154.198 -154.611 -39.087 -39.108 "Not applicable" 736198.952129658 2015-08-22 2122.1353789347 12.2319961289094 11.8546568945869 0.185052710965374 1.55750431691654 0.625715221549403 0 0 0 0 -0.032934045780581 0.0150899137357561 1.46920427280276 0.617036709789215 0 8.86088235064815 0.281742140810002 "Not applicable" 80 137
5904395 "DIC" 86 -154.267 -154.611 -39.047 -39.108 "Not applicable" 736209.095428244 2015-09-02 2125.98535171541 12.232695044513 9.91923885927821 0.169414541325194 1.2487439756014 0.501673160623276 0 0 0 0 0.258457183781219 0.118255123965148 2.02373328134925 0.87457208250787 0 6.38830441854633 0.235689634913392 "Not applicable" 80 123
5904395 "DIC" 87 -154.399 -154.611 -38.992 -39.108 "Not applicable" 736219.1228588 2015-09-12 2126.42626403704 12.2322341091428 8.27988665062614 0.167456045953731 1.30193977752898 0.52304415948799 0 0 0 0 0.416488073200156 0.10363213137236 1.69330417820381 0.737769901843434 0 4.8681546216932 0.157448179288804 "Not applicable" 81 84
5904395 "DIC" 88 -154.505 -154.611 -38.951 -39.108 "Not applicable" 736229.176168987 2015-09-22 2125.56865172735 12.2321582018903 6.09833846267512 0.137619101284352 1.20437916575169 0.483849944005123 0 0 0 0 0.524074877883252 0.120982503447908 1.31588046433125 0.574094412828309 0 3.05400395470894 0.176422389574125 "Not applicable" 82 25
5904395 "DIC" 89 -154.551 -154.611 -38.978 -39.108 "Not applicable" 736239.164884264 2015-10-02 2126.38312345278 12.2322393476072 4.72194943418536 0.134374602323385 1.40992125709739 0.566424877395174 0 0 0 0 0.293647727232257 0.0715309400593891 0.903100795754806 0.402381338299099 0 2.11527965410091 0.361799868291034 "Not applicable" 83 63
5904395 "DIC" 90 -154.611 -154.611 -38.98 -39.108 "Not applicable" 736249.147048615 2015-10-12 2123.90454980678 12.2312454275565 3.9701919891432 0.124825926424101 0.692176679623696 0.278076586843439 0 0 0 0 0.532024617690406 0.0985389979775501 0.15071205000137 0.0814475577540904 0 2.59527864182772 0.362781853516228 "Not applicable" 84 33
5904395 "DIC" 91 -154.677 -154.611 -38.952 -39.108 "Not applicable" 736259.119641207 2015-10-22 2126.29032178218 12.2316473733579 -1.84328162380397 0.0627787807026406 0.487615636417868 0.195895781898183 0 0 0 0 0.34119281951658 0.0615809128773857 -0.935604957559072 0.408161115505107 0 -1.73648512217935 0.64044016333752 "Not applicable" 85 27
5904395 "DIC" 92 -154.7385 -154.611 -38.9385 -39.108 "Not applicable" 736269.102488429 2015-11-01 2124.57026286093 12.2296664735119 -3.82114805588585 0.0398455145879252 0.263919259270705 0.106027505665381 0 0 0 0 0.604559448196312 0.102174858251947 -1.60266040624472 0.698620977080376 0 -3.08696635710815 0.915285923205149 "Not applicable" 85 33
5904395 "DIC" 93 -154.8 -154.611 -38.925 -39.108 "Not applicable" 736279.146562504 2015-11-11 2122.39904616213 12.2260764355458 -5.20261515040664 0.0556145640514051 0.130197353899716 0.0523057722894726 0 0 0 0 0.632609423877778 0.107204997403146 -1.33541122430555 0.58320060946094 0 -4.63001070387858 0.757620829724497 "Not applicable" 85 12
5904395 "DIC" 94 -154.796 -154.611 -38.916 -39.108 "Not applicable" 736289.133298615 2015-11-21 2117.01968741484 12.2257564878817 -8.26158986211933 0.0158763438524299 -0.0672161340578794 0.0270035580363491 0 0 0 0 1.24738171091372 0.235670370533638 -1.14861686479002 0.506660286222652 0 -8.29313857418515 0.666835762155546 "Not applicable" 85 28
5904395 "DIC" 95 -154.776 -154.611 -38.893 -39.108 "Not applicable" 736299.11516204 2015-12-01 2115.85738564849 12.2231225916543 -11.1965313723516 0.0115795793761769 -0.340342810026527 0.136730071605899 0 0 0 0 1.47469278130668 0.288763643261319 -0.592933407386138 0.259406502042256 0 -11.7379479362456 0.404759789116232 "Not applicable" 85 12
5904395 "DIC" 96 -154.677 -154.611 -38.879 -39.108 "Not applicable" 736309.102337966 2015-12-11 2111.9869986551 12.2249206100589 -11.4940678848251 0.0169775312534113 -0.228234082641275 0.0916912640523116 0 0 0 0 1.75153089811282 0.35793045657591 -0.0076864134468545 0.00762656319450215 0 -13.0096782868498 0.304499446223951 "Not applicable" 85 38
5904395 "DIC" 97 -154.458 -154.611 -38.906 -39.108 "Not applicable" 736319.126053244 2015-12-21 2111.35593554362 12.2219991287933 -17.76606927055 0.0770512677736419 -0.317390355152804 0.127509101730934 0 0 0 0 1.94628798925326 0.403477522798457 1.13266388679512 0.488697251751717 0 -20.5276307914456 0.463776441454736 "Not applicable" 85 18
5904395 "DIC" 98 -153.844 -154.611 -39.108 -39.108 "Not applicable" 736329.167754635 2015-12-31 2102.83872963538 12.2201567821535 -20.9766533216127 0.174066950572485 -0.258514861287974 0.10385633089278 0 0 0 0 2.68591164397788 0.57201835862233 1.32812033616895 0.576907879615996 0 -24.7321704404715 0.583037763264528 "Not applicable" 86 19
5904395 "DIC" 99 -153.287 -154.611 -39.251 -39.108 "Not applicable" 736339.16268519 2016-01-10 2099.03322464131 12.2207463077426 -17.0884317759192 0.110002339751495 -0.314059989589294 0.126171153319634 0 0 0 0 3.09702398441413 0.667267522382611 1.49418015730162 0.649847897704077 0 -21.3655759280456 0.560913015949455 "Not applicable" 87 32
5904395 "DIC" 100 -153.146 -154.611 -39.339 -39.108 "Not applicable" 736349.165925931 2016-01-20 2101.06046779811 12.2205390285711 -11.2219184776957 0.00515326171933775 -0.907703555165439 0.364662829471926 0 0 0 0 3.43548441415745 0.757217523542972 1.57592923789827 0.685017278647071 0 -15.325628574586 0.59116296622257 "Not applicable" 87 31
5904395 "DIC" 101 -153.27 -154.611 -39.459 -39.108 "Not applicable" 736359.138715282 2016-01-30 2100.11862839526 12.2161796396699 -4.94099956062903 0.0850743512485717 -0.910666309935372 0.365853093111731 0 0 0 0 3.57373139408102 0.76022050712439 1.59328365018585 0.693953614114295 0 -9.19734829496053 0.613615667149944 "Not applicable" 88 11
5904395 "DIC" 102 -153.55 -154.611 -39.657 -39.108 "Not applicable" 736369.1344213 2016-02-09 2091.23789164927 12.2121127003013 3.1884951973418 0.179429779610691 -0.843600553800932 0.338909948234214 0 0 0 0 3.42837161056918 0.741606791063226 -2.3591076173441 0.994010263949182 0 2.96283175791766 1.4841473375532 "Not applicable" 89 14
5904395 "DIC" 103 -153.928 -154.611 -39.98 -39.108 "Not applicable" 736379.155439819 2016-02-19 2093.70672916624 12.2184248232664 8.01270647427913 0.29349522813829 -0.880097080805202 0.353572143537448 0 0 0 0 3.12079472882389 0.673357932873414 -3.28108839311468 1.39360257888915 0 9.05309721937512 1.9051297965237 "Not applicable" 89 29
5904395 "DIC" 104 -154.319 -154.611 -40.288 -39.108 "Not applicable" 736389.180983802 2016-02-29 2098.33494911787 12.2184349206619 5.9292057407166 0.236558848316052 -0.846193441377855 0.339951620611636 0 0 0 0 2.90358381879252 0.622199729910737 -4.14817692338057 1.77055207275978 0 8.0199922866825 2.19962232803304 "Not applicable" 88 30
5904395 "DIC" 105 -154.648 -154.611 -40.524 -39.108 "Not applicable" 736399.18793982 2016-03-10 2096.87943316682 12.218933272868 3.66062533436375 0.130088707377122 -0.115922836052319 0.0465710959868875 0 0 0 0 2.89002300806103 0.608698281783815 -5.01327686870427 2.14471898130842 0 5.89980203105931 2.74893799544734 "Not applicable" 86 46
5904395 "DIC" 106 -154.82 -154.611 -40.724 -39.108 "Not applicable" 736409.168692135 2016-03-20 2098.33320010484 12.2204761448088 4.24319443410637 0.0580655007809402 0.0290769017472777 0.0116814186780476 0 0 0 0 4.72871424969966 1.11869542356988 -3.29810194259412 1.35700344914723 0 2.78350522525355 2.50318096511757 "Not applicable" 84 42
5904395 "DIC" 107 -154.791 -154.611 -40.924 -39.108 "Not applicable" 736419.209537043 2016-03-30 2100.22781007185 12.2211621987987 4.34905193983908 0.0267867262656846 0.192512029947734 0.0773402077678655 0 0 0 0 4.99021627712935 1.1004393042084 2.42988738691271 1.11446878865318 0 -3.26356375415072 0.513479603348167 "Not applicable" 81 54
5904395 "DIC" 108 -154.526 -154.611 -41.113 -39.108 "Not applicable" 736429.194583339 2016-04-09 2103.31860834253 12.2239181103165 6.77210439700979 0.0977771691213353 0.513889520408689 0.206451110036744 0 0 0 0 7.05553304179827 1.56987709625662 4.60199035585291 2.16425176987621 0 -5.39930852105008 1.06879987038178 "Not applicable" 78 53
5904395 "DIC" 109 -154.267 -154.611 -41.155 -39.108 "Not applicable" 736439.355057881 2016-04-19 2107.64386584017 12.2257803335392 9.4058206397725 0.150366814258028 0.764926286703124 0.30730317454334 0 0 0 0 6.73506049365331 1.47529139642969 4.89131123534214 2.27906774478701 0 -2.98547737592606 1.19584696605348 "Not applicable" 75 27
5904395 "DIC" 110 -154.041 -154.611 -41.032 -39.108 "Not applicable" 736449.426678253 2016-04-29 2109.82914922395 12.226707722609 11.4280162865994 0.165312296775705 1.0955793803094 0.440140478090237 0 0 0 0 6.06730457969711 1.32583081642764 5.19099242907327 2.40983612569659 0 -0.925860102480347 1.2735513109424 "Not applicable" 73 59
5904395 "DIC" 111 -153.838 -154.611 -40.724 -39.108 "Not applicable" 736459.548425942 2016-05-09 2114.1159971665 12.2284313244076 10.251786372524 0.128637302342791 1.39368448993711 0.559901882723125 0 0 0 0 3.53272855487708 0.727143322552326 3.04831010103937 1.44545665835225 0 2.27706322667047 0.773102831482639 "Not applicable" 72 76
5904395 "DIC" 112 -153.741 -154.611 -40.348 -39.108 "Not applicable" 736469.6202315 2016-05-19 2114.16260909252 12.228726280557 11.6360179230643 0.044979480889032 1.95344083663946 0.784779632779029 0 0 0 0 2.91221199092297 0.612685236406791 0.650309490362028 0.399062630882993 0 6.12005560513987 0.914717048541267 "Not applicable" 71 71
5904395 "DIC" 113 -153.71 -154.611 -40.034 -39.108 "Not applicable" 736479.655462982 2016-05-29 2117.86140066843 12.22959405453 10.8409328162066 0.00906124887993705 1.67074518063915 0.671208856053686 0 0 0 0 0.250641503132327 0.108875429861048 -1.11709513920664 0.488907496499539 0 10.0366412716418 1.10014508224044 "Not applicable" 71 85
5904395 "DIC" 114 -153.725 -154.611 -39.777 -39.108 "Not applicable" 736489.693912058 2016-06-08 2120.17194551022 12.2302432014463 12.8199770159395 0.118004105273849 1.84641885202721 0.741784384493048 0 0 0 0 0.145867314825487 0.0233074544752888 -1.51363510734348 0.650628324346574 0 12.3413259564303 1.49188144648221 "Not applicable" 71 106
5904395 "DIC" 115 -153.729 -154.611 -39.657 -39.108 "Not applicable" 736499.693356502 2016-06-18 2121.65101748659 12.2306137741751 13.7989850417431 0.19772120976993 1.68413520089484 0.676588192341769 0 0 0 0 0.106348968070016 0.0184945957070835 -0.952098942210618 0.408360035195583 0 12.9605998149888 1.25946415944197 "Not applicable" 71 97
5904395 "DIC" 116 -153.693 -154.611 -39.587 -39.108 "Not applicable" 736509.682419002 2016-06-28 2122.88982861802 12.2309509979651 15.9431180882345 0.225659069240642 1.72243245666149 0.691973816392048 0 0 0 0 0.163431226088657 0.0450626108844727 -0.460793242223916 0.222168083694067 0 14.5180476477083 1.08788135953741 "Not applicable" 71 59
5904395 "DIC" 117 -153.449 -154.4135 -39.704 -39.9915 "Not applicable" 736519.712523169 2016-07-08 2128.19479535687 12.2322073960342 13.0649777304903 0.18908625701106 1.39023067747515 0.558514340482405 0 0 0 0 -0.00247515204203511 0.0220954441592309 0.199065689960683 0.0417523244903258 0 11.4781565150965 0.670875612008234 "Not applicable" 71 121
5904395 "DIC" 118 -153.294 -154.4135 -39.78 -39.9915 "Not applicable" 736529.698333354 2016-07-18 2128.0672801887 12.2322143137374 12.4370738967491 0.196993294944636 1.61006082807191 0.646829390328437 0 0 0 0 0.0254363219106026 0.0154082831737736 0.632936211069249 0.227875061397821 0 10.1686405356973 0.592646095708413 "Not applicable" 71 120
5904395 "DIC" 119 -153.132 -154.4135 -39.866 -39.9915 "Not applicable" 736539.716990762 2016-07-28 2130.50836383984 12.2327431215865 9.72539113401267 0.167454681429326 1.18128022882106 0.474570126105344 0 0 0 0 0.15306819092162 0.078407243413593 1.85148747920097 0.767135735754251 0 6.53955523506902 0.261828154604155 "Not applicable" 71 107
5904395 "DIC" 120 -153.036 -154.4135 -39.917 -39.9915 "Not applicable" 736549.847118081 2016-08-07 2131.48955190108 12.2331532927634 7.49371384575565 0.129648024616958 1.60313957778494 0.644048831963576 0 0 0 0 0.102745111777225 0.0982700865736921 2.31867662989573 0.961163255593829 0 3.46915252629775 0.36117503426327 "Not applicable" 72 95
5904395 "DIC" 121 -152.992 -154.4135 -39.988 -39.9915 "Not applicable" 736559.865925952 2016-08-17 2130.55277293709 12.2328627341147 5.10237723902293 0.0845160450564395 1.36959522774216 0.550224209366099 0 0 0 0 0.10697971127616 0.0525674907915505 2.64806537624379 1.10537375210691 0 0.977736923760817 0.567611749205825 "Not applicable" 72 36
5904395 "DIC" 122 -153.017 -154.4135 -40.088 -39.9915 "Not applicable" 736569.82930558 2016-08-27 2128.71749226424 12.2326984310569 7.69833525169104 0.134219640393603 1.01445789415188 0.407550553213521 0 0 0 0 0.590915074770893 0.127430123802583 2.77116423551861 1.20302811232056 0 3.32179804724966 0.694180659051081 "Not applicable" 74 96
5904395 "DIC" 123 -153.0635 -154.4135 -40.187 -39.9915 "Not applicable" 736579.856087988 2016-09-06 2130.8932418239 12.2328228565365 6.64955759360604 0.0959050579166514 0.868871390036365 0.349062309753891 0 0 0 0 0.621183544901051 0.139315828747203 2.80740569339155 1.23207747606756 0 2.35209696527707 0.796806035519638 "Not applicable" 75 43
5904395 "DIC" 124 -153.11 -154.4135 -40.286 -39.9915 "Not applicable" 736589.904201416 2016-09-16 2133.44693580041 12.2328423315155 5.37742556520298 0.076813647520782 0.89021547833361 0.357637130890901 0 0 0 0 0.465848203170999 0.113721815651834 2.51430123298627 1.10485899362587 0 1.5070606507121 0.704886035258705 "Not applicable" 76 38
5904395 "DIC" 125 -153.267 -154.4135 -40.256 -39.9915 "Not applicable" 736599.887696786 2016-09-26 2133.87318433542 12.2330551745778 3.61991609980422 0.0727605166202919 0.579119039876857 0.232656561143544 0 0 0 0 0.971011878705715 0.205291919974987 2.21072060692085 1.01208723461292 0 -0.140935425699199 0.66474844945117 "Not applicable" 77 88
5904395 "DIC" 126 -153.367 -154.4135 -40.153 -39.9915 "Not applicable" 736609.852141229 2016-10-06 2134.86420206774 12.2326315428921 1.31613908790453 0.0671269620828576 0.502860140623143 0.202020142660854 0 0 0 0 1.1179970397727 0.245788543954767 1.4272844515734 0.688517896881718 0 -1.73200254406471 0.420520307818092 "Not applicable" 79 32
5904395 "DIC" 127 -153.335 -154.4135 -40.003 -39.9915 "Not applicable" 736619.85600697 2016-10-16 2133.70605424982 12.2327070167567 -2.93242115001086 0.0041659589184331 0.578029603969262 0.23221888875774 0 0 0 0 1.33291737499625 0.287342159829361 1.3902603266821 0.665195323703281 0 -6.23362845565847 0.429319196902458 "Not applicable" 81 58
5904395 "DIC" 128 -153.232 -154.4135 -39.98 -39.9915 "Not applicable" 736629.946655121 2016-10-26 2132.46130160032 12.2316833894791 -6.10581179181322 0.0066379085785268 0.556256725510741 0.223471804515038 0 0 0 0 1.69348926106423 0.35816077087762 1.65023432121653 0.776912448165853 0 -10.0057920996047 0.549487480923847 "Not applicable" 82 31
5904395 "DIC" 129 -153.142 -154.4135 -40.051 -39.9915 "Not applicable" 736639.936736139 2016-11-05 2127.85707317844 12.2302535172241 -8.18498462246358 0.03053888648633 0.553350848241072 0.222304390967712 0 0 0 0 2.28124332005933 0.470489558284565 1.73772395265502 0.819585708977948 0 -12.757302743419 0.549315365106639 "Not applicable" 84 43
5904395 "DIC" 130 -153.169 -154.4135 -40.154 -39.9915 "Not applicable" 736650.095439818 2016-11-16 2126.53147326331 12.2289770724865 -10.0061757791651 0.0334632482850183 0.15047213014237 0.0604510056417968 0 0 0 0 2.26856533969922 0.461003376539498 1.09003696200373 0.504080752518692 0 -13.5152502110104 0.449966747976776 "Not applicable" 85 46
5904395 "DIC" 131 -153.336 -154.4135 -40.294 -39.9915 "Not applicable" 736660.062789354 2016-11-26 2130.56874601282 12.2300314114643 -13.215010542362 0.0354402087704086 -0.0876574206875003 0.0352156856390063 0 0 0 0 2.5434172581164 0.53062530535261 0.876652364833659 0.411301914425527 0 -16.5474227446246 0.396417829520929 "Not applicable" 85 47
5904395 "DIC" 132 -153.642 -154.4135 -40.346 -39.9915 "Not applicable" 736670.175578709 2016-12-06 2129.37235849316 12.2273941438734 -17.5922555296966 0.0176183198351126 -0.22381186841807 0.0899146739508541 0 0 0 0 3.03257788693999 0.635134626378519 0.0570002738935527 0.0320177681464394 0 -20.4580218221121 0.568802808263975 "Not applicable" 86 27
5904395 "DIC" 133 -154.005 -154.4135 -40.352 -39.9915 "Not applicable" 736680.189849543 2016-12-16 2119.56754167044 12.2233953393156 -18.7885602063813 0.0204711399239803 -0.624097635943314 0.250726361590981 0 0 0 0 3.89070731681508 0.81466413075712 0.774276094919718 0.358734427818642 0 -22.8294459821728 0.597155615333843 "Not applicable" 88 19
5904395 "DIC" 134 -154.295 -154.4135 -40.228 -39.9915 "Not applicable" 736690.236331025 2016-12-26 2118.91804901683 12.2233472862849 -19.895777975339 0.0797975573957795 -0.716278874008357 0.287759455606897 0 0 0 0 4.31031681279883 0.904030167546724 0.731512154184775 0.32884955118862 0 -24.2213280683143 0.675554557605763 "Not applicable" 90 12
5904395 "DIC" 135 -154.532 -154.4135 -40.027 -39.9915 "Not applicable" 736700.237175933 2017-01-05 2112.81086818755 12.2202260638852 -23.4912597037582 0.0624346208198256 -0.805722751671826 0.323692836413979 0 0 0 0 5.28502269825037 1.09438585684239 1.26875304958342 0.570100275526728 0 -29.2393126999202 0.970998685874583 "Not applicable" 92 13
5904395 "DIC" 136 -154.713 -154.4135 -39.775 -39.9915 "Not applicable" 736710.218101858 2017-01-15 2108.38472752951 12.2174740773027 -23.4332148186996 0.0843598706077599 -0.838112900368211 0.336705326233397 0 0 0 0 6.18770000110272 1.26221777371369 1.90875880268378 0.849425358793126 0 -30.6915607221179 1.12546119977211 "Not applicable" 96 16
5904395 "DIC" 137 -154.836 -154.4135 -39.497 -39.9915 "Not applicable" 736720.20063658 2017-01-25 2103.44437748131 12.2149831043847 -20.2336177285347 0.0895676312947493 -0.802012961720012 0.322202457211566 0 0 0 0 6.35791879484074 1.27124340665072 2.64732910224917 1.18279591570706 0 -28.4368526639046 1.20256799023427 "Not applicable" 98 23
5904395 "DIC" 138 -154.829 -154.4135 -39.333 -39.9915 "Not applicable" 736730.180902783 2017-02-04 2098.32523473111 12.2122606769244 -23.1034426810076 0.0227868075984062 -0.826656879723048 0.332102959217007 0 0 0 0 5.98790786114974 1.18569699449607 1.75836896610637 0.772631888698181 0 -30.0230626285407 1.01840272405631 "Not applicable" 100 16
5904395 "DIC" 139 -154.754 -154.4135 -39.315 -39.9915 "Not applicable" 736740.178553246 2017-02-14 2094.01997027316 12.2110721831139 -24.4738774824152 0.0816606821460184 -0.900100281537459 0.361608273544883 0 0 0 0 5.70378991508126 1.11570763765144 1.64596886538547 0.718184381927271 0 -30.9235359813445 0.981054429137339 "Not applicable" 100 27
5904395 "DIC" 140 -154.837 -154.4135 -39.464 -39.9915 "Not applicable" 736750.190960654 2017-02-24 2091.37184537172 12.2125901370211 -21.9465425990581 0.105121362664265 -0.855403861056193 0.343651834939776 0 0 0 0 5.15227035239326 1.05391934144226 1.47328139918048 0.638899994768499 0 -27.7166904895756 0.732610956267152 "Not applicable" 100 41
5904395 "DIC" 141 -155.094 -154.4135 -39.655 -39.9915 "Not applicable" 736760.203287043 2017-03-06 2092.21002960423 12.2126360667285 -23.1277341621308 0.213262732044296 -0.830309056154701 0.333570192636683 0 0 0 0 4.95181829337464 0.98946283636689 1.274285323831 0.55268996596269 0 -28.5235287231818 0.835253971431939 "Not applicable" 98 16
5904395 "DIC" 142 -155.425 -154.4135 -39.755 -39.9915 "Not applicable" 736770.20288195 2017-03-16 2087.00378570589 12.2126047095945 -24.6722395962608 0.337550618148645 -0.889823215927948 0.357479542526362 0 0 0 0 5.35156889958355 1.10243215334337 15.8038906291992 6.9655756895997 0 -44.9378759091155 6.75804974221344 "Not applicable" 95 37
5904395 "DIC" 143 -155.733 -154.4135 -39.788 -39.9915 "Not applicable" 736780.218298618 2017-03-26 2094.34898593327 12.2159334231986 -18.5609215902685 0.39251231902377 -0.585139209481335 0.235075117366417 0 0 0 0 5.6141883559824 1.15987459573434 26.2730296751814 11.6397545743067 0 -49.863000411951 11.3060772827014 "Not applicable" 93 52
5904395 "DIC" 144 -155.975 -154.4135 -39.731 -39.9915 "Not applicable" 736790.297557879 2017-04-05 2095.22923219479 12.2170908508956 -13.5716504025033 0.403592539665097 -0.494529424390896 0.198673342336572 0 0 0 0 7.33224409516857 1.6899730624518 36.1504917474822 16.0468779064209 0 -56.5598568207632 15.0393140439457 "Not applicable" 90 44
5904395 "DIC" 145 -156.243 -154.4135 -39.643 -39.9915 "Not applicable" 736800.338414362 2017-04-15 2096.71499105227 12.2181082600513 -8.5252508321426 0.447047606929717 -0.302896634684529 0.121686362483678 0 0 0 0 7.32893329360533 1.70651591402247 32.3422904382044 14.3831214024511 0 -47.8935779292678 13.310403243725 "Not applicable" 87 64
5904395 "DIC" 146 -156.451 -154.4135 -39.54 -39.9915 "Not applicable" 736810.373078715 2017-04-25 2101.79541431473 12.2207023090146 0.306101013114109 0.409394315299785 -0.156164724754741 0.0627379611644121 0 0 0 0 7.10299487225354 1.53970640417798 31.6950224699311 14.009199012671 0 -38.3357516043158 13.0800684976564 "Not applicable" 85 73
5904395 "DIC" 147 -156.668 -154.4135 -39.427 -39.9915 "Not applicable" 736820.343402788 2017-05-05 2102.75518534833 12.2220538456623 7.71856295376847 0.321579669666468 -0.0334692526857734 0.0134460114376 0 0 0 0 8.03632668862833 1.67097128668423 14.8064289531691 6.40321987668281 0 -15.0907234353432 5.39877143715098 "Not applicable" 82 62
5904395 "DIC" 148 -156.803 -154.4135 -39.355 -39.9915 "Not applicable" 736830.398495382 2017-05-15 2106.51965010893 12.2238632410171 10.0293020778804 0.193799493413619 0.24133250335205 0.0969534524956905 0 0 0 0 6.81675912024937 1.40990564886126 3.97035691903303 1.57062715736069 0 -0.999146464754025 0.958715641860158 "Not applicable" 80 80
5904395 "DIC" 149 -156.945 -154.4135 -39.308 -39.9915 "Not applicable" 736840.434340291 2017-05-25 2108.40850459186 12.2252972851457 10.7820193893924 0.168589041441021 0.610197333671204 0.245142023479472 0 0 0 0 4.29535308614347 0.839196170156056 -6.11621773571595 2.92857659545864 0 11.9926867052937 3.49187446031893 "Not applicable" 79 70
5904395 "DIC" 150 -157.008 -154.4135 -39.24 -39.9915 "Not applicable" 736850.438715291 2017-06-04 2107.81542973336 12.225174571022 11.3413785317483 0.0700239542177315 0.766688057669943 0.308010952299619 0 0 0 0 3.43603410935905 0.700254343634553 -2.52374241822886 1.36005389341733 0 9.66239878294813 1.920312890052 "Not applicable" 79 89
5904395 "DIC" 151 -157.122 -154.4135 -39.084 -39.9915 "Not applicable" 736860.446898161 2017-06-14 2109.99473430061 12.2261517235467 9.0774998443415 0.0257762180643892 0.856497100467547 0.344091035353574 0 0 0 0 2.63548886995289 0.532484302800677 -2.96434431452606 1.42720377880898 0 8.54985818844712 2.14369223624746 "Not applicable" 78 85
5904395 "DIC" 152 -157.204 -154.4135 -38.877 -39.9915 "Not applicable" 736870.44629631 2017-06-24 2113.52193953276 12.2280383623402 8.90294480682052 0.0507588488350906 1.1853115075934 0.476189660936013 0 0 0 0 0.15003602101913 0.0327375751249276 -2.02690027398362 0.853951815611625 0 9.59449755219162 1.38277835979611 "Not applicable" 78 92
5904395 "DIC" 153 -157.233 -157.998 -38.646 -37.995 "Not applicable" 736880.46254631 2017-07-04 2116.42824291171 12.2294738881261 10.926762559406 0.0719498977883027 1.15579014582263 0.464329683907243 0 0 0 0 0.190133015891306 0.0665743727133662 -2.78575743430308 1.1790207236547 0 12.3665968319952 1.75658459660986 "Not applicable" 78 96
5904395 "DIC" 154 -157.038 -157.998 -38.551 -37.995 "Not applicable" 736890.422314827 2017-07-14 2117.69467284175 12.2300383716096 14.5055974670344 0.161668104522563 1.10462867162214 0.443775960353187 0 0 0 0 0.185768977869303 0.0537808525849447 -2.0837835387546 0.8737496035153 0 15.2989833562976 1.49724849088174 "Not applicable" 78 130
5904395 "DIC" 155 -156.882 -157.998 -38.612 -37.995 "Not applicable" 736900.415694457 2017-07-24 2121.66373743851 12.2304954034334 17.1797332472976 0.214619726271214 1.01044476400263 0.405938309450747 0 0 0 0 0.19849810151577 0.0478919614169474 -1.56910089847494 0.650128613528758 0 17.5398912802541 1.269563894516 "Not applicable" 79 82
5904395 "DIC" 156 -156.91 -157.998 -38.693 -37.995 "Not applicable" 736910.421689827 2017-08-03 2121.4286943776 12.2305790026234 19.9286013650075 0.261463493401886 1.05410216483625 0.423477330009586 0 0 0 0 0.0556159439580912 0.0457928169921999 0.0606866685428594 0.0132638391858713 0 18.7581965876703 0.610097312734042 "Not applicable" 79 96
5904395 "DIC" 157 -157.193 -157.998 -38.731 -37.995 "Not applicable" 736920.40283566 2017-08-13 2126.20432481922 12.231533576927 15.6639197934621 0.227343445547575 1.28178243915625 0.514946105884704 0 0 0 0 -0.153338259549861 0.0492114941540855 1.21556095373055 0.500005076672588 0 13.3199146601251 0.251094717515325 "Not applicable" 79 125
5904395 "DIC" 158 -157.512 -157.998 -38.71 -37.995 "Not applicable" 736930.402106493 2017-08-23 2124.77146953924 12.231162940264 11.6976051670948 0.182210209517408 1.15429108794337 0.463727449086544 0 0 0 0 -0.108255498777732 0.0357237845307568 2.26311238955442 0.949904040430281 0 8.3884571883747 0.435395289537725 "Not applicable" 79 88
5904395 "DIC" 159 -157.824 -157.998 -38.674 -37.995 "Not applicable" 736940.391064826 2017-09-02 2129.27899674025 12.2319901837035 6.52771790527003 0.145783974271769 1.09792403522581 0.441082424930798 0 0 0 0 0.0532891947692001 0.00682230564525849 1.95352431633714 0.820451022167004 0 3.42298035893788 0.316845276883388 "Not applicable" 78 139
5904395 "DIC" 160 -158.16 -157.998 -38.562 -37.995 "Not applicable" 736950.376666678 2017-09-12 2126.61170365992 12.2309852691169 -13.949123398422 0.0162703432256288 1.34858208215765 0.541782341884865 0 0 0 0 0.421560109501791 0.0839907165589505 1.25541997499154 0.505439905914346 0 -16.974685565073 0.143329243846385 "Not applicable" 78 57
5904395 "DIC" 161 -158.388 -157.998 -38.361 -37.995 "Not applicable" 736960.359143529 2017-09-22 2124.8118276328 12.2307807996435 -24.8116704141781 0.0787813592397423 1.40375102920586 0.563946036424898 0 0 0 0 0.675863729374569 0.154797447945237 0.396424800078955 0.14795321800298 0 -27.2877099728375 0.400018651272507 "Not applicable" 78 50
5904395 "DIC" 162 -158.372 -157.998 -38.178 -37.995 "Not applicable" 736970.369687511 2017-10-02 2123.35957558695 12.2304901988273 -24.5611956083062 0.0333187284236629 0.890807870145852 0.357875119684907 0 0 0 0 1.05320507556461 0.218476079237113 -0.189054668742586 0.097686139572233 0 -26.316153885274 0.54632361032497 "Not applicable" 79 76
5904395 "DIC" 163 -158.28 -157.998 -38.141 -37.995 "Not applicable" 736971.795069468 2017-10-03 2121.70847897423 12.2303028243236 -29.138582764161 0.0187608311734057 0.922008027289639 0.37040953967178 0 0 0 0 1.14994833832613 0.233362016614616 -0.930066448004505 0.416383077606537 0 -30.2804726817722 0.899107715965956 "Not applicable" 80 79
5904395 "DIC" 164 -158.238 -157.998 -38.098 -37.995 "Not applicable" 736974.768044004 2017-10-06 2119.78600588767 12.2294811478093 -36.924635554839 0.143697402068047 1.4947465175944 0.600502764748933 0 0 0 0 1.01581324215393 0.208650430905644 -1.80899406560293 0.800603400449327 0 -37.6262012489844 1.37183587218572 "Not applicable" 81 34
5904395 "DIC" 165 -158.179 -157.998 -38.025 -37.995 "Not applicable" 736977.755960671 2017-10-09 2118.8526551439 12.2299865624752 -23.5227195448588 0.0772035091539123 1.29560204089476 0.520498023185748 0 0 0 0 0.844564596312937 0.174543104483498 -2.19083104434466 0.956349868092911 0 -23.4720551377219 1.52768354576501 "Not applicable" 82 63
5904395 "DIC" 166 -158.092 -157.998 -37.951 -37.995 "Not applicable" 736980.764687523 2017-10-12 2117.81426797742 12.2299269661314 -15.121113079185 0.134334752489398 1.11876610055959 0.449455562254547 0 0 0 0 1.45938812333052 0.315566346051296 -2.54379277957277 1.12040618917314 0 -15.1554745235023 1.9260827253667 "Not applicable" 83 58
5904395 "DIC" 167 -157.998 -157.998 -37.95 -37.995 "Not applicable" 736983.697557891 2017-10-15 2117.9318333571 12.2289586120518 -12.1537276371239 0.229860698733692 1.15936419756475 0.465765531341733 0 0 0 0 1.8565140077439 0.403866845498694 -2.7689969283915 1.22466488522626 0 -12.400608914041 2.19795297272765 "Not applicable" 83 24
5904395 "DIC" 168 -157.929 -157.998 -37.939 -37.995 "Not applicable" 736986.70107641 2017-10-18 2115.28091318836 12.2269011916859 6.81286333610441 0.88605678866917 1.28655163497776 0.516862093139224 0 0 0 0 2.04871485760259 0.444922925555031 -2.98936529251386 1.32705759471432 0 6.46696213603792 2.92873284864662 "Not applicable" 83 21
5904395 "DIC" 169 -157.912 -157.998 -37.944 -37.995 "Not applicable" 736987.703541687 2017-10-19 2114.60689400856 12.2272424267197 10.3478522743975 0.719330643877611 0.657863586358897 0.264291569029341 0 0 0 0 2.39882013019987 0.533352592373372 -3.17392191060795 1.4174546386984 0 10.4650904684467 2.6998727769687 "Not applicable" 84 16
5904395 "DIC" 170 -157.87 -157.998 -37.996 -37.995 "Not applicable" 736988.703784743 2017-10-20 2114.39386297444 12.2277971276324 NA NA NA NA NA NA NA NA NA NA NA NA NA NA NA "Not applicable" 84 33
5904395 "DIC" 171 -157.844 -157.998 -37.995 -37.995 "Not applicable" 736989.698669002 2017-10-21 2114.79619746658 12.2275117730033 NA NA NA NA NA NA NA NA NA NA NA NA NA NA NA "Not applicable" 84 29
5904395 "DIC" 172 -157.833 -157.998 -37.992 -37.995 "Not applicable" 736990.700740761 2017-10-22 2114.58964924519 12.2271128528939 NA NA NA NA NA NA NA NA NA NA NA NA NA NA NA "Not applicable" 84 25
