"WMIOD" "tracer" "cycle" "longitude_E" "longitude_reference_PS_E" "latitude_N" "latitude_reference_PS_N" "season_label" "date" "time" "mean_tracer_concentration_mmol_m3" "mean_tracer_concentration_error_mmol_m3" "tracer_dt_mmol_m2_d1" "tracer_dt_error_mmol_m2_d1" "gas_mmol_m2_d1" "gas_error_mmol_m2_d1" "EP_mmol_m2_d1" "EP_error_mmol_m2_d1" "entrainment_mmol_m2_d1" "entrainment_error_mmol_m2_d1" "vertical_diffusion_mmol_m2_d1" "vertical_diffusion_error_mmol_m2_d1" "vertical_advection_mmol_m2_d1" "vertical_advection_error_mmol_m2_d1" "tracer_background_dt_mmol_m2_d1" "Bio_mmol_m2_d1" "Bio_error_mmol_m2_d1" "integration_depth_m" "MLD_m"
5906222 "DIC" 1 108.268 106.019 -37.992 -37.241 "P" 737802.81961808 2020-01-12 2119.34005051056 8.47109238916913 NA NA NA NA NA NA NA NA NA NA NA NA NA NA NA 45 62
5906222 "DIC" 2 107.174 106.019 -37.668 -37.241 "P" 737813.081041669 2020-01-23 2115.42887375729 8.47020786732628 NA NA NA NA NA NA NA NA NA NA NA NA NA NA NA 54 41
5906222 "DIC" 3 106.645 106.019 -37.114 -37.241 "P" 737823.327349547 2020-02-02 2112.13858693845 8.46895385108802 -1.96639707969004 1.24220704921881 1.11335629391788 0.254268248681441 0 0 0 0 1.02114276958629 0.341263711080076 -9.63457047603162 4.12500674857075 -6.92944519027977 12.8827260393979 4.64102984291758 53 32
5906222 "DIC" 4 106.019 106.019 -37.241 -37.241 "P" 737833.582141221 2020-02-12 2121.51986791739 8.46883455721906 -13.9670163753473 1.15754995734555 1.00948927489491 0.230547104635274 0 0 0 0 1.21332100628678 0.426575250328583 -8.51594700621327 3.65217406113777 -7.25950723426201 -0.106520303654521 3.79409641832413 55 22
5906222 "DIC" 5 104.766 106.019 -37.427 -37.241 "P" 737843.851643544 2020-02-22 2106.07994471983 8.46780979502133 -2.1481917498697 0.183754844328697 0.894483804584221 0.204282161701524 0 0 0 0 1.28043494396077 0.420286591677433 -2.65957486431487 1.3030354592086 -5.33212045476365 3.93481730124734 1.72619435412778 56 47
5906222 "DIC" 6 103.783 106.019 -37.293 -37.241 "P" 737854.11391204 2020-03-04 2105.4496311391 8.46796626976974 -1.26284643266236 0.354260110020637 0.75149649670199 0.171626728254474 0 0 0 0 1.29317533364561 0.709592829369116 0.171719509325395 0.595080398057244 -1.75316202747055 -1.65661488623195 0.894908441458487 58 18
5906222 "DIC" 7 103.448 106.019 -36.801 -37.241 "P" 737864.378182882 2020-03-14 2103.6711092742 8.46744194987088 5.9673689183724 0.169137630254784 1.37461383385134 0.313934231167547 0 0 0 0 1.21294604439631 0.73573535236307 0.467790560337801 0.296045924353183 2.29065073315233 0.511070342517232 0.756721206079036 59 51
5906222 "DIC" 8 103.476 106.019 -36.205 -37.241 "P" 737874.625208352 2020-03-24 2108.4903656036 8.46867112557755 18.3123430789636 0.511712875048986 1.25816962676437 0.287340709608594 0 0 0 0 1.2477344703512 0.59671975631272 0.657343602929666 0.388264109029011 10.0042181189951 4.66636897731512 0.674380574242871 61 49
5906222 "DIC" 9 104.192 106.019 -36.271 -37.241 "UP" 737884.8884491 2020-04-03 2113.00478823442 8.46864468432521 21.5433614191179 0.580337573529766 1.36428741106233 0.311575883303482 0 0 0 0 1.04580011329601 0.506699007821669 -0.125269918618999 0.239319805398139 19.7509832021145 -1.51947955609355 0.964728405746797 62 28
5906222 "DIC" 10 104.768 106.019 -37.349 -37.241 "UP" 737895.170162042 2020-04-14 2118.18013068708 8.469579681641 25.2037467462976 0.320647375334517 1.56009255529114 0.356293851287188 0 0 0 0 0.773711365669528 0.3987313990588 0.356813698267696 0.452160252802822 25.2966252928868 -4.1233015441772 0.850587557059623 64 63
5906222 "DIC" 11 104.591 106.019 -38.184 -37.241 "UP" 737905.420405105 2020-04-24 2129.23695492632 8.47157932299378 35.1060922331554 0.325075385547191 1.91483865875179 0.437310746728708 0 0 0 0 0.509681236479229 0.188868944472207 0.0969278254255762 0.518406637672577 25.8138178129988 5.40084369058936 0.641823545201781 65 79
5906222 "DIC" 12 104.414 106.019 -38.253 -37.241 "UP" 737915.662025483 2020-05-04 2129.66430398073 8.47165742399943 41.4708649369501 0.740528905163381 1.76776549299657 0.403722185287142 0 0 0 0 0.161647878215581 0.103898517803998 1.6862932629148 0.854954103475142 25.3382711014948 11.1641181825882 0.80575397592076 66 90
5906222 "DIC" 13 104.068 106.019 -38.752 -37.241 "UP" 737925.929328731 2020-05-14 2134.79833388883 8.47249488162691 43.2298115685424 1.31484014536212 1.52856840862508 0.349094368419265 0 0 0 0 -0.00114163456259556 0.00559092579181169 3.17894301232267 1.44248633956093 13.5513095467457 24.2569924891842 1.75372230347473 67 88
5906222 "DIC" 14 104.008 106.019 -38.745 -37.241 "UP" 737936.194895839 2020-05-25 2138.95468592863 8.47339429046692 42.396401576068 1.44771415101493 1.94199627111452 0.443513000734513 0 0 0 0 -0.00139366951540475 0.00405300084440007 3.68590314107864 1.68009030549531 10.5818230113323 25.6832035715585 2.12854105354783 67 86
5906222 "DIC" 15 103.808 106.019 -38.949 -37.241 "UP" 737946.444143532 2020-06-04 2144.87466773892 8.47430026219126 NA NA NA NA NA NA NA NA NA NA NA NA NA NA NA 68 80
5906222 "DIC" 16 103.585 106.019 -39.089 -37.241 "UP" 737956.700960669 2020-06-14 2149.21844754065 8.47471830145303 NA NA NA NA NA NA NA NA NA NA NA NA NA NA NA 69 122
5906222 "DIC" 17 103.387 106.019 -39.175 -37.241 "UP" 737966.982777807 2020-06-24 2152.51420273699 8.47517973693984 NA NA NA NA NA NA NA NA NA NA NA NA NA NA NA 70 165
5906222 "DIC" 18 103.164 98.406 -39.246 -40.829 "UP" 737977.247800933 2020-07-05 2156.83931955681 8.47571019762582 NA NA NA NA NA NA NA NA NA NA NA NA NA NA NA 71 176
5906222 "DIC" 19 102.922 98.406 -39.277 -40.829 "UP" 737987.4917477 2020-07-15 2156.85966486128 8.47615066282768 NA NA NA NA NA NA NA NA NA NA NA NA NA NA NA 72 169
5906222 "DIC" 20 102.821 98.406 -39.235 -40.829 "UP" 737997.734641225 2020-07-25 2157.23707572888 8.47620287935733 25.2268101108051 0.792135445359534 1.1530164460872 0.263325832035144 0 0 0 0 -0.0235583816635955 0.0133426555940009 2.49091131848824 1.15966302342096 12.5827181957628 8.62711387189618 1.35563023082658 73 168
5906222 "DIC" 21 102.716 98.406 -39.137 -40.829 "UP" 738007.977060214 2020-08-04 2159.85603305532 8.47638571872462 31.6521782635235 0.985678597666427 1.54792609661485 0.353515276129193 0 0 0 0 -0.0175736384892426 0.0186927395591139 2.1575376727479 0.981352707667274 17.8984845533106 9.40320023560524 1.1866813500403 74 179
5906222 "DIC" 22 102.337 98.406 -39.251 -40.829 "UP" 738018.239398155 2020-08-15 2163.69115264222 8.47654750097308 27.5910554580638 0.858644206141301 1.88303983874672 0.430048533978849 0 0 0 0 -0.0173526613587851 0.0133738631354214 1.66704620371362 0.768483203485648 17.7013920160034 5.62663122010183 0.925681943342141 75 242
5906222 "DIC" 23 101.697 98.406 -39.535 -40.829 "UP" 738028.493101866 2020-08-25 2162.7078860591 8.47652046305686 21.1980735812182 0.698381814594072 1.5772686636655 0.360216529965494 0 0 0 0 -0.010854384388077 0.0131054014470798 1.04786424894912 0.482608546694322 17.9147846359697 -0.114755130251154 0.58775784495047 76 188
5906222 "DIC" 24 101.389 98.406 -39.799 -40.829 "UP" 738038.750254652 2020-09-04 2163.39462497401 8.476700677597 12.240495565931 0.449095973891452 1.44339713151577 0.329642956874863 0 0 0 0 -0.0190025144228927 0.0152165160116668 0.4294881543923 0.201085655769807 15.920522988328 -6.26243797843011 0.368317090078897 76 236
5906222 "DIC" 25 100.95 98.406 -40.008 -40.829 "UP" 738049.008344908 2020-09-15 2164.68198106811 8.47668500486725 2.10869992329191 0.143610906310984 1.45993470433849 0.333419806839286 0 0 0 0 -0.00979842412189747 0.00819019005691606 0.0631567407890753 0.026426602031654 13.1154226728393 -13.1665145365751 0.514024172474217 76 237
5906222 "DIC" 26 100.381 98.406 -40.484 -40.829 "UP" 738059.268298619 2020-09-25 2164.09450313234 8.47672173535705 -4.16430322318187 0.0518317050480588 1.13688415255891 0.259641539733514 0 0 0 0 -0.0224232075858417 0.0137660178857934 -0.633694985295117 0.298503279711021 10.6200442747098 -15.8001658739276 0.693107450060587 76 252
5906222 "DIC" 27 100.408 98.406 -40.648 -40.829 "P" 738069.514004645 2020-10-05 2164.65561217893 8.47658460145409 -7.40799198116679 0.182436114991839 0.940291545589347 0.214743731052732 0 0 0 0 0.0251870245923895 0.0227428191467205 -1.30867500482221 0.565134985896655 5.62486090247347 -12.9846913929867 0.753264612504312 74 247
5906222 "DIC" 28 99.877 98.406 -40.675 -40.829 "P" 738079.778078727 2020-10-15 2161.74070957541 8.47635366045916 -7.69462938083106 0.233940099747058 0.972499918501012 0.222099477472693 0 0 0 0 0.0221278762458907 0.0209315168498928 -1.19088969158182 0.513384285202628 2.773925224804 -10.430421373732 0.689378619015811 73 58
5906222 "DIC" 29 99.195 98.406 -41.171 -40.829 "P" 738090.044212964 2020-10-26 2159.45745092588 8.47598705054353 -8.80159353743182 0.2912902736025 1.70992678550769 0.390512984477361 0 0 0 0 0.0411935103605822 0.0165814098814759 -1.06151292759565 0.456500293467158 1.12120322180096 -10.6908965450381 0.744228012132261 72 67
5906222 "DIC" 30 99.542 98.406 -41.18 -40.829 "P" 738100.305451398 2020-11-05 2159.7689098215 8.47559148167889 -12.2689544193569 0.320133862906916 1.62915426697491 0.372066161172804 0 0 0 0 0.0426244636448174 0.0143641555869856 -1.31802988726472 0.569497803248919 0.904802628804784 -13.581407430522 0.832376492575658 70 31
5906222 "DIC" 31 99.326 98.406 -40.696 -40.829 "P" 738110.549571776 2020-11-15 2158.29755467997 8.47592851751542 -16.056215215561 0.313367065381069 1.94382045331572 0.443929607364492 0 0 0 0 0.0717958244050411 0.0268152209139376 -0.436003162613431 0.20353406317725 -1.87980739332242 -15.7022025108015 0.564909692026394 69 127
5906222 "DIC" 32 98.563 98.406 -40.692 -40.829 "P" 738120.827222247 2020-11-25 2158.975084192 8.47570919874669 -19.0431519932278 0.237773457106731 1.57684938723037 0.360120775636484 0 0 0 0 0.0777977019072845 0.0390615353291179 1.03135293978331 0.447726150109842 -3.34673478823917 -18.2623038879451 0.633861851881332 68 92
5906222 "DIC" 33 98.084 98.406 -41.219 -40.829 "P" 738131.079212965 2020-12-06 2157.06158965365 8.47544219687495 -23.3282946824931 0.128563431597563 1.42684111968009 0.325861895809681 0 0 0 0 0.154968763492652 0.058720780905126 2.81805531197229 1.22363067169795 -5.36183592726663 -22.1510131220755 1.25383626371136 66 69
5906222 "DIC" 34 98.217 98.406 -41.309 -40.829 "P" 738141.332280102 2020-12-16 2148.52410864105 8.47392469228187 -27.7204844867845 0.0817593645263683 0.740344486904616 0.169079832875208 0 0 0 0 0.23445518771856 0.0908584109969015 1.96682076428956 0.852911962684299 -7.64016111087759 -22.7073640354501 0.848949465531665 64 19
5906222 "DIC" 35 98.406 98.406 -40.829 -40.829 "P" 738151.580011591 2020-12-26 2138.30626425699 8.47320639003737 -26.6294478067377 0.0308763296473808 0.650905651241348 0.148653796544844 0 0 0 0 0.388764820677068 0.147001037275444 0.952727365153228 0.414702522640464 -10.5562974661938 -17.6252909050458 0.478664013925262 62 25
5906222 "DIC" 36 98.444 98.406 -40.246 -40.829 "P" 738161.828321784 2021-01-05 2133.77162474509 8.47099477244015 -25.6212768331616 0.0891341451640935 0.482306204983861 0.110149064355569 0 0 0 0 0.453597829678723 0.151442994763604 -0.805131056463095 0.367378489851849 -9.09491142682176 -16.2474933356139 0.495102935015772 60 12
5906222 "DIC" 37 98.881 98.406 -39.98 -40.829 "P" 738172.09328704 2021-01-16 2129.01445677445 8.4692263975986 -24.1478322696306 0.0629386200815077 0.633669066650027 0.144717306311459 0 0 0 0 0.593806892842848 0.187380527081991 -1.93275899034884 0.84593097087594 -7.82569053663085 -15.2666872427031 0.959683565040262 59 12
5906222 "DIC" 38 99.395 98.406 -40.064 -40.829 "P" 738182.343287047 2021-01-26 2117.24487386151 8.46971197612278 -19.8166692352801 0.0280195395918547 1.39113835148193 0.317708099587917 0 0 0 0 0.667483086863868 0.206374357044994 -4.16408956670451 1.81560218143485 -8.50873305103791 -8.84822627265193 1.93136100047805 59 31
5906222 "DIC" 39 99.659 98.406 -40.072 -40.829 "P" 738192.592604184 2021-02-05 2110.8032864133 8.46869340700379 -11.9670331873611 0.0595991546769267 1.36007730491059 0.310614379493952 0 0 0 0 0.696266496898093 0.225100326169254 -3.79066638176183 1.65468007259517 -8.72717936500308 -1.16581560100186 1.77435256963704 59 31
5906222 "DIC" 40 99.739 98.406 -39.959 -40.829 "P" 738202.842731507 2021-02-15 2120.85216447486 8.4707101579536 -8.55084079461007 0.347472709512705 1.32156422086165 0.301818763493989 0 0 0 0 1.04430817388471 0.348900696456059 -1.94821554572348 0.910934281581693 -9.43692180218438 0.889703549862861 1.14428941955522 60 45
5906222 "DIC" 41 99.746 98.406 -39.839 -40.829 "P" 738213.100949077 2021-02-26 2121.87351657059 8.47007149598419 -5.26625760477947 0.620865317305314 1.69579781153415 0.387286210184583 0 0 0 0 1.20944232214644 0.436292426842226 0.532543989083928 0.270768746384396 -12.4877737567121 4.3831874263946 0.708190989989309 61 14
5906222 "DIC" 42 99.733 98.406 -39.613 -40.829 "P" 738223.35093751 2021-03-08 2114.42590561779 8.46710693232332 1.46767216156104 0.462166228044468 1.7676182878362 0.403688566580778 0 0 0 0 1.30527830696104 0.464027748476623 1.58523900517504 0.694137854654042 -14.9058122520853 12.4654821857171 0.874525660118391 63 15
5906222 "DIC" 43 99.861 98.406 -39.459 -40.829 "P" 738233.599513907 2021-03-18 2115.62416788719 8.46855187019026 5.16173205581677 0.451223301472892 1.05275906621455 0.240429057178013 0 0 0 0 1.54509235982392 0.476629258161204 1.38679066448456 0.595027407348005 -14.2591942449624 16.2701055976085 0.753854253488056 64 38
5906222 "DIC" 44 99.957 98.406 -39.32 -40.829 "P" 738243.855729192 2021-03-28 2119.24334074795 8.46983078721882 5.27895664390354 0.562808335248655 1.14588648576139 0.261697492091214 0 0 0 0 1.94587931076289 0.6084487210139 1.0071579895529 0.573903688064412 -13.9425980164723 16.070483641941 0.842484245949664 66 56
5906222 "DIC" 45 100.194 98.406 -39.109 -40.829 "UP" 738254.108506948 2021-04-08 2125.06882730133 8.47107797452031 6.86864639361428 0.355111144158184 1.69990844637689 0.388224996742077 0 0 0 0 1.55094997816243 0.491540083831797 -1.66140690102523 0.795527301134804 -12.8552166836087 19.0074397377696 1.21123267974938 68 53
5906222 "DIC" 46 100.534 98.406 -38.767 -40.829 "UP" 738264.35675927 2021-04-18 2125.92219322564 8.47113928132248 8.51064821927889 0.252560956460301 1.52380309483082 0.348006066319117 0 0 0 0 1.69705670842118 0.535839143671357 8.10629418685498 3.47388479023658 -10.207302613602 8.14484691809893 3.34527365732415 69 64
5906222 "DIC" 47 101.046 98.406 -38.523 -40.829 "UP" 738274.621145852 2021-04-28 2126.39178188113 8.47130875447112 6.99021615547995 0.657696635498978 1.75952867499128 0.401841061247738 0 0 0 0 1.41657423621363 0.456275986478163 8.13986480528181 3.48275243719667 -7.93665284975894 4.27404165193015 3.46419788596588 70 58
5906222 "DIC" 48 101.335 98.406 -38.345 -40.829 "UP" 738284.919444472 2021-05-08 2130.63053070717 8.47207566055691 7.82202456930383 0.869608085470416 1.94461124279397 0.444110207821694 0 0 0 0 1.00902705654952 0.315649075958696 9.74767328843897 4.17223700425253 -5.05887913383398 0.662366021193967 4.22198779997947 71 62
5906222 "DIC" 49 101.491 98.406 -38.303 -40.829 "UP" 738295.169259264 2021-05-19 2134.93606401646 8.47291370320255 11.5351728030086 0.520907849136801 1.87720570660663 0.428716135204135 0 0 0 0 0.478512563027129 0.201480801359378 11.0628350953717 4.74491393821367 -3.99101835784777 2.52966523530411 4.7910867014303 72 80
5906222 "DIC" 50 101.64 98.406 -38.056 -40.829 "UP" 738305.434328716 2021-05-29 2137.97820400951 8.4735130109304 16.4123257440444 0.286367578268402 1.72644934441561 0.394286405564755 0 0 0 0 0.350769614234911 0.154269062449743 13.401180891193 5.74330706214908 3.52624325531391 -2.55878133769062 5.78289512530861 72 87
5906222 "DIC" 51 101.646 98.406 -38.068 -40.829 "UP" 738315.683055576 2021-06-08 2141.97659900812 8.47394599084667 NA NA NA NA NA NA NA NA NA NA NA NA NA NA NA 73 110
5906222 "DIC" 52 101.566 98.406 -38.192 -40.829 "UP" 738325.923715305 2021-06-18 2146.84035723688 8.47450663169558 NA NA NA NA NA NA NA NA NA NA NA NA NA NA NA 73 105
5906222 "DIC" 53 101.347 98.406 -38.345 -40.829 "UP" 738336.182106487 2021-06-29 2152.19563267024 8.47529650902197 NA NA NA NA NA NA NA NA NA NA NA NA NA NA NA 73 143
5906222 "DIC" 54 101.211 95.341 -38.353 -39.344 "UP" 738346.425798624 2021-07-09 2155.72570247931 8.47577002118795 NA NA NA NA NA NA NA NA NA NA NA NA NA NA NA 74 142
5906222 "DIC" 55 100.887 95.341 -38.374 -39.344 "UP" 738356.687013909 2021-07-19 2161.595697764 8.47625666589174 NA NA NA NA NA NA NA NA NA NA NA NA NA NA NA 74 165
5906222 "DIC" 56 100.614 95.341 -38.422 -39.344 "UP" 738366.972071788 2021-07-29 2166.30350351978 8.47675106384306 21.0302790388814 0.692752855031844 1.10670090975736 0.25274829241583 0 0 0 0 -0.0183815690627532 0.00748928912445436 2.81807793873816 1.29908092335291 1.51887846589122 15.6713756672761 1.6255329689014 74 240
5906222 "DIC" 57 100.175 95.341 -38.319 -39.344 "UP" 738377.238807877 2021-08-09 2167.62537881829 8.47695149698853 13.624033319246 0.481028730839047 1.34192588336102 0.30646895884676 0 0 0 0 -0.00943233869705727 0.00498882728854723 2.6738826435626 1.21705987659314 6.72178597242595 2.73016288184072 1.34037328437182 74 272
5906222 "DIC" 58 99.982 95.341 -38.112 -39.344 "UP" 738387.549039368 2021-08-19 2167.44201673216 8.47699799910935 9.03681552917903 0.335185892230173 1.46192203274987 0.333873672791702 0 0 0 0 -0.0156342672164652 0.0146495149856941 2.24501719898924 1.02609213314181 9.08574400691391 -4.07974630892215 1.07312718279043 74 232
5906222 "DIC" 59 100.144 95.341 -37.926 -39.344 "UP" 738397.889143545 2021-08-29 2170.16710937648 8.4771725964299 3.0765116875101 0.157470576418178 1.21537949863096 0.277568302517735 0 0 0 0 6.04386694969735e-05 0.00624209016490975 1.76410887797956 0.80923457080342 11.9840665470177 -12.3936952617153 0.821416659133697 74 305
5906222 "DIC" 60 100.346 95.341 -38.012 -39.344 "UP" 738408.162754634 2021-09-09 2168.30732884156 8.47704064186215 -0.465197345523903 0.0428001096609125 0.899734654330676 0.205481350475516 0 0 0 0 0.00171701938717661 0.0176004248653583 0.971169027345468 0.450837460088863 12.7807343639241 -15.6982815980699 0.539142430919145 75 293
5906222 "DIC" 61 100.305 95.341 -38.287 -39.344 "UP" 738418.435023161 2021-09-19 2168.09023244349 8.47662706383118 -1.50593264476837 0.00489985349832993 0.908198992450193 0.207414435545996 0 0 0 0 0.0108465722095601 0.0201211076706364 -0.0553760861838466 0.031609066859413 12.7125189447392 -15.6860741737375 0.514982600560908 74 58
5906222 "DIC" 62 99.951 95.341 -38.509 -39.344 "UP" 738428.720358818 2021-09-29 2166.09502332116 8.47662352305981 -0.984493753464673 0.0576238863541697 0.804633469560053 0.18376214716993 0 0 0 0 0.00979721395078722 0.0265543557776431 -0.496866527583519 0.225476281701638 9.6495555905234 -11.4141261623655 0.450447373285541 74 64
5906222 "DIC" 63 99.511 95.341 -38.758 -39.344 "P" 738438.961956047 2021-10-09 2168.16081238347 8.47686950160888 -4.57197100941504 0.0209600820712553 0.81167675230059 0.18537069169174 0 0 0 0 0.0168114119400394 0.0155670788320293 -0.304577851706049 0.136269338387022 5.82159334550448 -11.1944905706196 0.335391104139491 75 168
5906222 "DIC" 64 98.986 95.341 -38.831 -39.344 "P" 738449.242187507 2021-10-20 2166.51055233643 8.4766191832651 -6.34531467804044 0.0511243287457158 0.770223556646228 0.175903613166327 0 0 0 0 0.0303896072034546 0.0162410584577992 0.052094046424406 0.0301933692342479 2.52917207823253 -9.84949469781889 0.198163917272534 75 117
5906222 "DIC" 65 98.477 95.341 -38.751 -39.344 "P" 738459.530914368 2021-10-30 2165.56650002152 8.47650078598781 -5.91517072834466 0.0852671803340573 0.669520088931137 0.152904960792469 0 0 0 0 0.0412775191776516 0.0149387055719886 1.07549713095638 0.477209039614686 0.191137200020207 -7.90079590500077 0.494099751061412 76 91
5906222 "DIC" 66 98.037 95.341 -38.78 -39.344 "P" 738469.795763913 2021-11-09 2163.74109013948 8.47567781297555 -6.67800019630597 0.127332995832169 0.539022814165181 0.123102000416078 0 0 0 0 0.0609128385235668 0.0221704550574446 1.63697342548136 0.727332764732512 1.24813267770909 -10.1842298484034 0.73411716687762 78 30
5906222 "DIC" 67 97.256 95.341 -38.92 -39.344 "P" 738480.075740743 2021-11-20 2158.57459398537 8.47511653694441 -10.0330968502593 0.02773371552325 0.417685876852856 0.0953910773995057 0 0 0 0 0.0980490435394721 0.0330295238896446 0.492188034291311 0.222197825018304 4.10492119787442 -15.2537844114518 0.222570732060071 80 35
5906222 "DIC" 68 96.601 95.341 -39.029 -39.344 "P" 738490.333784732 2021-11-30 2151.45644708311 8.47366232542149 -8.02551326078084 0.0947942646040736 0.243244621587885 0.0555521931929664 0 0 0 0 0.155783744199559 0.057703354081168 -0.0398032603898952 0.0575590248471922 7.08845272014711 -15.6821606681629 0.116459164566554 81 32
5906222 "DIC" 69 95.992 95.341 -39.217 -39.344 "P" 738500.610694462 2021-12-10 2150.07799496904 8.47273127283671 -9.05344532397547 0.136322845843919 0.254900486343059 0.0582141589395619 0 0 0 0 0.176070717403339 0.0676388519379659 -1.48925440443767 0.648031894061518 9.03358895718337 -17.2753658721239 0.708839467876779 83 27
5906222 "DIC" 70 95.341 95.341 -39.344 -39.344 "P" 738510.898159749 2021-12-20 2156.54008084659 8.47343925682918 -17.8381258056325 0.117559527456074 0.147010261590666 0.0335741953919525 0 0 0 0 0.1774301491689 0.0645371342366039 -2.92425219749263 1.28363584769933 11.6394367050377 -27.2038666806095 1.34838703053971 84 26
5906222 "DIC" 71 94.42 95.341 -39.592 -39.344 "P" 738521.16206019 2021-12-31 2148.84763191726 8.47163521638792 NA NA NA NA NA NA NA NA NA NA NA NA NA NA NA 85 18
5906222 "DIC" 72 93.613 95.341 -39.723 -39.344 "P" 738531.480462977 2022-01-10 2143.40599342843 8.47088349375751 -24.6538698911684 0.0153328289194766 0.0795125410063741 0.0181590697069281 0 0 0 0 0.210052637188917 0.0739555307654072 -4.14021574591512 1.82515062436759 6.26265033045715 -27.2308513892344 1.88774105022308 84 32
5906222 "DIC" 73 93.093 95.341 -39.869 -39.344 "P" 738541.776597245 2022-01-20 2137.22286573513 8.47035811909906 -31.3598412392942 0.171632131120805 1.02002379896104 0.232952978657471 0 0 0 0 0.229539072280249 0.0771718617769193 -9.33321689896333 4.12971153764072 3.0254684835641 -26.3464037137159 4.22051344831987 84 36
5906222 "DIC" 74 92.572 95.341 -39.84 -39.344 "P" 738552.066493057 2022-01-31 2130.14080273455 8.46815261571017 -33.8558652267397 0.553489842139685 1.14597646365618 0.261718041237838 0 0 0 0 0.235587110763498 0.0726121916217654 -13.0288407596497 5.76214690771473 0.356744304020864 -22.5251387869213 5.91193976652897 82 13
5906222 "DIC" 75 92.133 95.341 -39.804 -39.344 "P" 738562.362858807 2022-02-10 2122.59767529606 8.46853886836402 -24.2115946063599 0.51333733761967 1.49667104295596 0.341809649816114 0 0 0 0 0.282531196013885 0.0954101781268754 -14.1626043140911 6.26031575947076 -1.97573308539102 -9.76663614131612 6.41967770709411 78 49
5906222 "DIC" 76 91.762 95.341 -39.877 -39.344 "P" 738572.651481501 2022-02-20 2124.95037434772 8.46895655300231 -15.8623449553351 0.508362890826846 1.39447509268736 0.318470144359426 0 0 0 0 0.459608866524204 0.151908310972736 -15.7671997817994 6.93569228813294 -2.74623784315465 0.901199902015688 7.10703229698292 75 40
5906222 "DIC" 77 91.425 95.341 -40.019 -39.344 "P" 738582.948229195 2022-03-02 2125.92197929556 8.46962299013093 -4.29529515780376 0.355369204964689 1.64229128019236 0.375066391523102 0 0 0 0 0.406269934865056 0.156720690814284 -15.6042000468409 6.86355165298468 -0.363667326767697 9.57573037408119 7.05555362886138 71 46
5906222 "DIC" 78 91.209 95.341 -40.285 -39.344 "P" 738593.22265047 2022-03-13 2117.41775040099 8.46790336451363 7.42366080311059 0.361783241576993 1.36468616623259 0.311666950987159 0 0 0 0 0.38974742084781 0.177256731784041 -12.7760553219313 5.59056793111368 2.27294547191338 15.9330207156402 5.74523223023132 68 21
5906222 "DIC" 79 91.348 95.341 -40.475 -39.344 "P" 738603.494745385 2022-03-23 2123.12965753375 8.46944443732151 21.0499711532737 0.154399239009109 0.993912395610203 0.226989657807801 0 0 0 0 0.409041545427405 0.242962917840663 -8.97157857779431 3.87203914037594 4.61824297617285 23.5856786434631 3.94059175130418 67 50
5906222 "DIC" 80 91.592 95.341 -40.465 -39.344 "UP" 738613.850196784 2022-04-02 2128.48362875074 8.47044030203102 24.4295695589331 0.0646093159024964 1.09131180169007 0.24923372876858 0 0 0 0 0.421902323263706 0.226079411038868 -7.53758372064167 3.238172487298 7.60523363917034 22.2967424764201 3.33080672065502 67 59
5906222 "DIC" 81 91.842 95.341 -40.455 -39.344 "UP" 738624.231909729 2022-04-13 2134.19374369117 8.47110647731136 20.340696950909 0.150224796477187 1.63007467818207 0.372276364633268 0 0 0 0 0.209049928118618 0.224005951862082 -5.40007886432083 2.31741463463939 9.67197688760668 13.6123067280509 2.41931859613274 67 61
5906222 "DIC" 82 91.568 95.341 -40.357 -39.344 "UP" 738634.590277795 2022-04-23 2136.91391568478 8.47164437809733 13.9769074928175 0.221238126314671 2.11096376815736 0.482101788341743 0 0 0 0 0.197474916901414 0.263953750015883 -5.0604814286713 2.17227546895469 10.7184418388243 5.39152868473393 2.28361854082846 69 71
5906222 "DIC" 83 90.865 95.341 -40.261 -39.344 "UP" 738644.911724564 2022-05-03 2139.27671215332 8.47241453072571 16.7881019848016 0.121111932933506 2.15262213622005 0.491615724130395 0 0 0 0 0.131544821706018 0.0819203366555601 -2.31767200590447 0.98711220415415 10.4900720757628 5.78803974113181 1.10320732318934 69 92
5906222 "DIC" 84 90.075 95.341 -40.298 -39.344 "UP" 738655.209988432 2022-05-14 2142.89827506523 8.47312496487882 13.6714715879123 0.0962460452532776 2.28944568026262 0.522863477533457 0 0 0 0 0.0570156696875796 0.0298793455395501 -1.15037382134129 0.500755446525714 11.0758080863579 0.911457411961271 0.837687036948838 69 90
5906222 "DIC" 85 89.885 95.341 -40.746 -39.344 "UP" 738665.545543998 2022-05-24 2148.1561081649 8.47403051412703 14.4243806460261 0.372790119541242 2.06620988959308 0.471880900036351 0 0 0 0 -0.025831910622484 0.0175254392598379 -0.71379583236285 0.330433142292038 7.8080150436565 4.96407109143775 0.52923736583797 69 110
5906222 "DIC" 86 90.295 95.341 -41.132 -39.344 "UP" 738675.853784748 2022-06-03 2148.20319651575 8.47405761643615 NA NA NA NA NA NA NA NA NA NA NA NA NA NA NA 70 104
5906222 "DIC" 87 91.364 95.341 -41.155 -39.344 "UP" 738686.122939818 2022-06-14 2150.87307883288 8.47449050869366 NA NA NA NA NA NA NA NA NA NA NA NA NA NA NA 70 118
5906222 "DIC" 88 92.032 95.341 -40.893 -39.344 "UP" 738696.405555567 2022-06-24 2159.79266898161 8.4753941445496 NA NA NA NA NA NA NA NA NA NA NA NA NA NA NA 71 134
5906222 "DIC" 89 92.707 85.879 -40.629 -39.811 "UP" 738706.701736132 2022-07-04 2157.9301803751 8.47537142438875 NA NA NA NA NA NA NA NA NA NA NA NA NA NA NA 73 229
5906222 "DIC" 90 92.477 85.879 -40.403 -39.811 "UP" 738717.000659722 2022-07-15 2163.93540096506 8.47612135792868 NA NA NA NA NA NA NA NA NA NA NA NA NA NA NA 74 226
5906222 "DIC" 91 92.008 85.879 -40.309 -39.811 "UP" 738727.284907416 2022-07-25 2166.38032386161 8.47641938936754 11.8009875658529 0.400770781955598 0.785303673022603 0.179347609308335 0 0 0 0 -0.0150598354036795 0.00853054301636797 -0.640438181942333 0.297389733121993 -13.9464357183067 26.4100771620312 0.845639650582781 74 236
5906222 "DIC" 92 91.621 85.879 -40.186 -39.811 "UP" 738737.554537053 2022-08-04 2169.148860072 8.476736161247 7.58146480401011 0.263572381795101 0.600438419037058 0.137128092851888 0 0 0 0 -0.00237507751400916 0.00470827445411201 -0.569365944906967 0.26085293067455 -5.20894846617297 12.908055270211 0.364838910209403 74 304
5906222 "DIC" 93 91.031 85.879 -39.944 -39.811 "UP" 738747.878969934 2022-08-14 2173.56298258746 8.4771074928307 5.60580786398961 0.202051261764586 0.7034663198986 0.160657599138868 0 0 0 0 0.00362474895185307 0.00387369020323755 -0.501254311584929 0.225818530976433 -8.40109491889655 14.0679088387891 0.381020349282609 75 295
5906222 "DIC" 94 90.413 85.879 -39.767 -39.811 "UP" 738758.165462968 2022-08-25 2173.27636073367 8.47704701401225 3.22056067478383 0.128481738857445 1.01134554410101 0.230971039293653 0 0 0 0 0.0208104768132477 0.00845326462968594 -0.44034048926352 0.193190563105139 -7.54967387199505 10.3469437236857 0.320637494803867 74 377
5906222 "DIC" 95 89.838 85.879 -39.659 -39.811 "UP" 738768.448379643 2022-09-04 2173.54265441087 8.47701370469381 -0.734995209301393 0.0069698632210822 1.1700363396512 0.267212834383723 0 0 0 0 0.00814085252953216 0.00391116063641349 -0.549172890810335 0.245834064849047 -10.0740725944439 9.0295240101616 0.36009428132911 73 353
5906222 "DIC" 96 89.177 85.879 -39.544 -39.811 "UP" 738778.799178264 2022-09-14 2172.5633321691 8.47701761024567 -6.7187698494389 0.101548304690379 1.21491842833946 0.277463003310122 0 0 0 0 0.017567405607293 0.0140295326895981 -0.604630252353916 0.267853650167341 -12.4307055750766 5.53373816674829 0.376444950438278 72 372
5906222 "DIC" 97 88.857 85.879 -39.172 -39.811 "UP" 738789.085046299 2022-09-25 2171.82398907397 8.47694957896509 -12.4918568543149 0.238568379160999 1.25139152189963 0.285792726395358 0 0 0 0 0.00970657312726295 0.00761915839845866 -0.648889987349332 0.290726368276441 -12.0556142045843 -0.543282178111894 0.389558171516186 71 298
5906222 "DIC" 98 88.582 85.879 -38.87 -39.811 "P" 738799.402650475 2022-10-05 2171.04182367097 8.47679044730657 -18.949698866605 0.393830744898414 1.17231579811924 0.267733416982281 0 0 0 0 0.0147078718972075 0.00728311096051087 -0.669620313139817 0.300636648758121 -10.6308283143819 -8.3570373386774 0.437990566785664 71 195
5906222 "DIC" 99 88.474 85.879 -38.581 -39.811 "P" 738809.733182892 2022-10-15 2168.03993262502 8.47656366335267 -22.6242264815764 0.463833846428382 0.849035758079679 0.193902739360417 0 0 0 0 0.092830733506024 0.0373413423582766 0.085400989607256 0.0626227387209587 -9.04110986046295 -14.2267008580655 0.36037006917569 71 63
5906222 "DIC" 100 88.721 85.879 -38.373 -39.811 "P" 738820.026006945 2022-10-26 2165.21132623534 8.4761882785469 -24.9978878800938 0.433217415643115 0.616509959327883 0.140798510332515 0 0 0 0 0.201480483495997 0.0637275342993816 0.616671611297543 0.267925578300883 -2.99944341044387 -23.344538872896 0.548562596394406 72 79
5906222 "DIC" 101 89.02 85.879 -38.399 -39.811 "P" 738830.303483805 2022-11-05 2160.36461445752 8.47546807357235 -23.1902876944697 0.403165642844883 0.581093628812171 0.132710130732787 0 0 0 0 0.28138215118881 0.0877781935108096 1.08748284784853 0.468920139950453 3.44387153945696 -28.7804821036664 0.789836599512419 74 30
5906222 "DIC" 102 88.792 85.879 -38.658 -39.811 "P" 738840.601793999 2022-11-15 2158.61164900457 8.47498969127682 -21.8893293516818 0.3571186109093 0.510938215985305 0.116688041440744 0 0 0 0 0.323083988338067 0.106077826258904 0.226919988091815 0.124962914171656 5.55750800404706 -28.8040083370628 0.658012963814041 74 51
5906222 "DIC" 103 88.154 85.879 -38.998 -39.811 "P" 738850.931782435 2022-11-25 2155.07803186566 8.47371865824563 -16.8778740336956 0.134397952979601 0.60827195959426 0.138917116410057 0 0 0 0 0.372171751662021 0.124333080807491 -1.2758766582732 0.574300390708532 7.0745649185312 -24.0160227788502 0.808454799857565 74 50
5906222 "DIC" 104 87.023 85.879 -39.482 -39.811 "P" 738861.214629636 2022-12-06 2156.36233781674 8.47362234121494 -18.5986005247106 0.0986404647972108 0.512790615254356 0.117111092283115 0 0 0 0 0.347988134571788 0.111979146763415 -4.01060183435667 1.76300599178634 11.1937243947882 -27.0667045502598 1.90645894275562 73 23
5906222 "DIC" 105 86.333 85.879 -39.694 -39.811 "P" 738871.529976867 2022-12-16 2149.09967009305 8.47327723039878 -16.3615936780309 0.0945792670781408 0.595239414073855 0.135940744386621 0 0 0 0 0.31861057454546 0.098013115328696 -4.57331580805129 1.99954131311611 11.3882460381621 -24.4663890025269 2.13618053194674 71 40
5906222 "DIC" 106 85.879 85.879 -39.811 -39.811 "P" 738881.794629653 2022-12-26 2143.66596534379 8.47173993964183 -17.4670431181077 0.133808962080095 0.573274019029244 0.130924288684075 0 0 0 0 0.322613020919093 0.11421073343333 -5.21586597320852 2.26996586808668 11.1930346535577 -24.6708950202618 2.37919542522098 69 23
5906222 "DIC" 107 85.703 85.879 -39.925 -39.811 "P" 738892.119618059 2023-01-06 2144.61297315966 8.47298651805967 -17.3211135919005 0.0714966989783671 0.594601983545838 0.135795168037971 0 0 0 0 0.389421285780931 0.129841635656999 -4.57261271227616 1.99480913910546 9.72999484377899 -23.7315708193032 2.10407956303724 67 41
5906222 "DIC" 108 85.833 85.879 -40.278 -39.811 "P" 738902.453773161 2023-01-16 2134.68893849955 8.47034210237278 -20.0954036980014 0.250329577540634 0.487642656797125 0.111367802924834 0 0 0 0 0.397259860757146 0.138778003120319 -3.57899137599897 1.56125674970409 8.44779191813634 -26.0584940471988 1.69999443662829 65 22
5906222 "DIC" 109 85.4 85.879 -40.715 -39.811 "P" 738912.729131966 2023-01-26 2123.43299157965 8.46709830727363 -15.219082270182 0.198637671798143 0.640200488963586 0.146208952177333 0 0 0 0 0.501014956286313 0.156789437547577 -2.17259146355841 0.941764307377515 1.77666000246752 -15.9546045947438 1.08092729425158 64 21
5906222 "DIC" 110 84.871 85.879 -40.82 -39.811 "P" 738923.03925926 2023-02-06 2120.90823349268 8.46871558713586 -15.9929709430423 0.163514162072072 0.680315154071597 0.155370337170778 0 0 0 0 0.583021995086257 0.183254211377207 -2.91997719896601 1.26953070924116 -3.91533115272285 -10.2521462254398 1.38913161103277 64 30
5906222 "DIC" 111 84.296 85.879 -40.661 -39.811 "P" 738933.34056714 2023-02-16 2127.35727339969 8.47024086558308 -11.9975849583323 0.0544354959660755 0.612321619716197 0.139841977564196 0 0 0 0 0.606063156058236 0.212001621662795 -7.42441404007656 3.23613885369309 -9.76312897375686 4.34544182313922 3.3334473423052 65 50
5906222 "DIC" 112 83.868 85.879 -40.326 -39.811 "P" 738943.640069463 2023-02-26 2119.65683602655 8.46798101643407 -10.2132499493044 0.354228896157042 0.559594936888467 0.127800260663121 0 0 0 0 0.683141239082693 0.222990883082102 -11.262345003774 4.90776878539949 -9.54670250298862 9.76280068484554 5.03424601768948 65 17
5906222 "DIC" 113 83.501 85.879 -40.137 -39.811 "P" 738953.933692157 2023-03-08 2111.58875196195 8.46709580172431 -5.60046810490459 0.508995983163953 0.908897287956995 0.207573912235126 0 0 0 0 0.825996288600552 0.287842029365697 -15.691613483075 6.82388314338829 -9.65722978713938 18.4559153914192 7.00507189149364 66 28
5906222 "DIC" 114 83.138 85.879 -40.129 -39.811 "P" 738964.240011581 2023-03-19 2123.79101415301 8.46950034146387 -4.36542023453963 0.773025385301 1.0007790684374 0.228557868167393 0 0 0 0 0.972632438478493 0.301189053299233 -12.6409459492649 5.57010559871708 -6.35625189128247 12.9586660425769 5.82889036584677 67 57
5906222 "DIC" 115 82.658 85.879 -40.21 -39.811 "P" 738974.523645849 2023-03-29 2117.69795094963 8.4686008313748 0.0722554518276678 0.979230626144181 1.15467690032862 0.263705046482745 0 0 0 0 1.26077896313499 0.462311288537399 -11.289764927626 5.04058511340899 -2.94490889385341 12.0733273032897 5.60000169585064 67 38
5906222 "DIC" 116 82.175 85.879 -40.178 -39.811 "UP" 738984.830381969 2023-04-08 2121.30195717949 8.46872905080321 2.51922279713359 1.13818540858766 1.29155986083931 0.294966369415502 0 0 0 0 1.40376447849927 0.636460596087792 -6.44599533647979 2.97877026522824 2.74661901920073 3.39029131644749 4.08984137416286 67 56
5906222 "DIC" 117 81.746 85.879 -40.196 -39.811 "UP" 738995.133310189 2023-04-19 2126.55076928213 8.46957614421493 8.12250427082188 0.703584308349648 1.80811212786607 0.412936547521856 0 0 0 0 1.33422855115866 0.729133944389013 -2.45062590402661 1.31524703646267 5.00261022754137 2.09329853724315 2.72564944612839 66 68
5906222 "DIC" 118 81.553 85.879 -40.361 -39.811 "UP" 739005.452719921 2023-04-29 2127.52986574834 8.46988623089825 10.9205384703141 0.289445391272402 1.52148295490472 0.347476192891419 0 0 0 0 1.1624955295957 0.661565375365245 2.29338465439109 1.15709493421163 7.3424682627984 -1.92442631289136 2.01604482381922 64 67
5906222 "DIC" 119 81.095 85.879 -40.562 -39.811 "UP" 739015.743159744 2023-05-09 2128.92682374526 8.4700450593945 13.6428342197573 0.0932316066295227 1.48359936176254 0.338824339989843 0 0 0 0 0.855569323446492 0.695741251181521 -0.316826563993698 0.474933041417662 8.71858339670745 2.29212883787836 1.50146345039971 61 64
5906222 "DIC" 120 80.631 85.879 -40.766 -39.811 "UP" 739026.045289353 2023-05-20 2132.140375596 8.47079923321076 15.2090507927131 0.77433606680261 1.47894163101069 0.337760607698955 0 0 0 0 0.417358112436454 0.353323433169371 -0.805125679941408 0.353500292384803 10.0709517967189 3.32442711573275 0.591726006428436 59 51
5906222 "DIC" 121 80.407 85.879 -41.521 -39.811 "UP" 739036.377407419 2023-05-30 2135.42947439721 8.47160798948994 14.1802150646843 0.574354631575115 1.77856564125109 0.406188722546759 0 0 0 0 0.166411442005714 0.108953857394336 -0.967853284577538 0.421677953696898 8.88486473756625 3.77724223717215 0.597461004506098 58 68
5906222 "DIC" 122 81.044 85.879 -41.99 -39.811 "UP" 739046.674849557 2023-06-09 2142.66226161573 8.47266829371718 NA NA NA NA NA NA NA NA NA NA NA NA NA NA NA 57 92
5906222 "DIC" 123 81.344 85.879 -41.841 -39.811 "UP" 739056.984537066 2023-06-19 2145.70927830865 8.47315461338236 NA NA NA NA NA NA NA NA NA NA NA NA NA NA NA 59 92
5906222 "DIC" 124 81.649 85.879 -41.689 -39.811 "UP" 739067.301215287 2023-06-30 2143.3738646887 8.47294510116952 NA NA NA NA NA NA NA NA NA NA NA NA NA NA NA 61 111
